m_aniFrameList.size 202
aniFrame
  m_time -1.066000
  m_vertexTransformMat 0.836724 0.356090 0.416045 0.000000 -0.057389 0.812560 -0.580046 0.000000 -0.544610 0.461461 0.700324 0.000000 -2.404763 0.351849 -0.383454 1.000000
aniFrame
  m_time -1.050000
  m_vertexTransformMat 0.858592 0.308070 0.409772 0.000000 -0.034262 0.832000 -0.553716 0.000000 -0.511514 0.461376 0.724904 0.000000 -2.397615 0.226410 -0.494484 1.000000
aniFrame
  m_time -1.034000
  m_vertexTransformMat 0.878326 0.259045 0.401796 0.000000 -0.009024 0.849301 -0.527832 0.000000 -0.477978 0.459983 0.748300 0.000000 -2.394594 0.103583 -0.617020 1.000000
aniFrame
  m_time -1.018000
  m_vertexTransformMat 0.895110 0.206854 0.394955 0.000000 0.020892 0.865424 -0.500606 0.000000 -0.445355 0.456349 0.770328 0.000000 -2.412584 -0.036109 -0.758966 1.000000
aniFrame
  m_time -1.002000
  m_vertexTransformMat 0.909328 0.153812 0.386606 0.000000 0.052653 0.879155 -0.473618 0.000000 -0.412734 0.451030 0.791342 0.000000 -2.436104 -0.178626 -0.911893 1.000000
aniFrame
  m_time -0.986000
  m_vertexTransformMat 0.921561 0.102462 0.374469 0.000000 0.083074 0.890161 -0.448009 0.000000 -0.379241 0.443976 0.811826 0.000000 -2.449496 -0.315776 -1.066267 1.000000
aniFrame
  m_time -0.970000
  m_vertexTransformMat 0.932130 0.053603 0.358136 0.000000 0.111250 0.898768 -0.424075 0.000000 -0.344612 0.435135 0.831805 0.000000 -2.448330 -0.445649 -1.220048 1.000000
aniFrame
  m_time -0.954000
  m_vertexTransformMat 0.942106 0.010415 0.335154 0.000000 0.133467 0.905280 -0.403304 0.000000 -0.307609 0.424687 0.851480 0.000000 -2.406899 -0.554761 -1.358307 1.000000
aniFrame
  m_time -0.938000
  m_vertexTransformMat 0.951840 -0.026652 0.305436 0.000000 0.149133 0.910668 -0.385283 0.000000 -0.267882 0.412278 0.870785 0.000000 -2.330113 -0.644336 -1.486026 1.000000
aniFrame
  m_time -0.922000
  m_vertexTransformMat 0.962824 -0.053602 0.264758 0.000000 0.153079 0.915818 -0.371275 0.000000 -0.222569 0.398002 0.889977 0.000000 -2.211271 -0.691370 -1.609028 1.000000
aniFrame
  m_time -0.906000
  m_vertexTransformMat 0.974182 -0.070784 0.214382 0.000000 0.146082 0.921634 -0.359514 0.000000 -0.172134 0.381549 0.908180 0.000000 -2.058036 -0.702761 -1.728159 1.000000
aniFrame
  m_time -0.890000
  m_vertexTransformMat 0.984515 -0.079748 0.156110 0.000000 0.130587 0.927748 -0.349616 0.000000 -0.116950 0.364588 0.923796 0.000000 -1.897587 -0.683324 -1.852494 1.000000
aniFrame
  m_time -0.874000
  m_vertexTransformMat 0.992653 -0.080363 0.090458 0.000000 0.106621 0.934400 -0.339894 0.000000 -0.057209 0.347042 0.936103 0.000000 -1.733554 -0.634756 -1.980407 1.000000
aniFrame
  m_time -0.858000
  m_vertexTransformMat 0.996683 -0.077779 0.023966 0.000000 0.081327 0.940472 -0.329998 0.000000 0.003127 0.330852 0.943677 0.000000 -1.578432 -0.589097 -2.098709 1.000000
aniFrame
  m_time -0.842000
  m_vertexTransformMat 0.996452 -0.072169 -0.043296 0.000000 0.054610 0.945896 -0.319842 0.000000 0.064036 0.316343 0.946481 0.000000 -1.433488 -0.545095 -2.206894 1.000000
aniFrame
  m_time -0.826000
  m_vertexTransformMat 0.992050 -0.069852 -0.104680 0.000000 0.034219 0.950195 -0.309771 0.000000 0.121105 0.303727 0.945031 0.000000 -1.299682 -0.544252 -2.291773 1.000000
aniFrame
  m_time -0.810000
  m_vertexTransformMat 0.984569 -0.071413 -0.159765 0.000000 0.020246 0.953302 -0.301341 0.000000 0.173824 0.293456 0.940037 0.000000 -1.173756 -0.586825 -2.350871 1.000000
aniFrame
  m_time -0.794000
  m_vertexTransformMat 0.974647 -0.081728 -0.208289 0.000000 0.016873 0.955099 -0.295806 0.000000 0.223113 0.284792 0.932263 0.000000 -1.045175 -0.701955 -2.393762 1.000000
aniFrame
  m_time -0.778000
  m_vertexTransformMat 0.962849 -0.102616 -0.249784 0.000000 0.025136 0.955028 -0.295448 0.000000 0.268869 0.278194 0.922127 0.000000 -0.908721 -0.896967 -2.417690 1.000000
aniFrame
  m_time -0.762000
  m_vertexTransformMat 0.949254 -0.129698 -0.286522 0.000000 0.040151 0.953531 -0.298607 0.000000 0.311936 0.271950 0.910351 0.000000 -0.771721 -1.147656 -2.446229 1.000000
aniFrame
  m_time -0.746000
  m_vertexTransformMat 0.933529 -0.163272 -0.319164 0.000000 0.061402 0.949936 -0.306354 0.000000 0.353204 0.266393 0.896818 0.000000 -0.631849 -1.450253 -2.484380 1.000000
aniFrame
  m_time -0.730000
  m_vertexTransformMat 0.916988 -0.197515 -0.346585 0.000000 0.084165 0.945055 -0.315893 0.000000 0.389935 0.260500 0.883228 0.000000 -0.499171 -1.772728 -2.528377 1.000000
aniFrame
  m_time -0.714000
  m_vertexTransformMat 0.900262 -0.231576 -0.368648 0.000000 0.107578 0.938862 -0.327057 0.000000 0.421848 0.254778 0.870134 0.000000 -0.369645 -2.096572 -2.576919 1.000000
aniFrame
  m_time -0.698000
  m_vertexTransformMat 0.884942 -0.260200 -0.386230 0.000000 0.127137 0.932831 -0.337140 0.000000 0.448011 0.249245 0.858582 0.000000 -0.246998 -2.397124 -2.627886 1.000000
aniFrame
  m_time -0.682000
  m_vertexTransformMat 0.872453 -0.280914 -0.399892 0.000000 0.140677 0.928006 -0.344984 0.000000 0.468013 0.244727 0.849159 0.000000 -0.127957 -2.641207 -2.676762 1.000000
aniFrame
  m_time -0.666000
  m_vertexTransformMat 0.863643 -0.292873 -0.410299 0.000000 0.147505 0.925114 -0.349865 0.000000 0.482040 0.241638 0.842169 0.000000 -0.004190 -2.828015 -2.725971 1.000000
aniFrame
  m_time -0.650000
  m_vertexTransformMat 0.860071 -0.293536 -0.417269 0.000000 0.145700 0.925158 -0.350504 0.000000 0.488926 0.240662 0.838470 0.000000 0.116516 -2.937453 -2.775755 1.000000
aniFrame
  m_time -0.634000
  m_vertexTransformMat 0.860443 -0.286205 -0.421575 0.000000 0.137523 0.927087 -0.348708 0.000000 0.490639 0.242067 0.837065 0.000000 0.254221 -2.977570 -2.820712 1.000000
aniFrame
  m_time -0.618000
  m_vertexTransformMat 0.864403 -0.272573 -0.422506 0.000000 0.125143 0.930496 -0.344263 0.000000 0.486977 0.244708 0.838434 0.000000 0.396182 -2.980042 -2.860127 1.000000
aniFrame
  m_time -0.602000
  m_vertexTransformMat 0.871368 -0.253703 -0.419944 0.000000 0.108956 0.934618 -0.338554 0.000000 0.478379 0.249250 0.842038 0.000000 0.537211 -2.926804 -2.888520 1.000000
aniFrame
  m_time -0.586000
  m_vertexTransformMat 0.879771 -0.230750 -0.415642 0.000000 0.089923 0.939292 -0.331126 0.000000 0.466816 0.253939 0.847111 0.000000 0.688776 -2.847208 -2.910346 1.000000
aniFrame
  m_time -0.570000
  m_vertexTransformMat 0.889862 -0.204549 -0.407806 0.000000 0.069097 0.943973 -0.322707 0.000000 0.450967 0.258986 0.854140 0.000000 0.820746 -2.734520 -2.920032 1.000000
aniFrame
  m_time -0.554000
  m_vertexTransformMat 0.899733 -0.177926 -0.398525 0.000000 0.048127 0.948006 -0.314594 0.000000 0.433778 0.263871 0.861515 0.000000 0.949545 -2.604212 -2.914733 1.000000
aniFrame
  m_time -0.538000
  m_vertexTransformMat 0.909778 -0.149516 -0.387233 0.000000 0.026621 0.951972 -0.305026 0.000000 0.414241 0.267198 0.870063 0.000000 1.069748 -2.467286 -2.901965 1.000000
aniFrame
  m_time -0.522000
  m_vertexTransformMat 0.919983 -0.118584 -0.373589 0.000000 0.004308 0.956138 -0.292884 0.000000 0.391934 0.267839 0.880142 0.000000 1.197108 -2.294801 -2.893337 1.000000
aniFrame
  m_time -0.506000
  m_vertexTransformMat 0.930047 -0.084955 -0.357485 0.000000 -0.018977 0.960500 -0.277631 0.000000 0.366951 0.264994 0.891698 0.000000 1.328486 -2.105155 -2.889096 1.000000
aniFrame
  m_time -0.490000
  m_vertexTransformMat 0.939864 -0.047663 -0.338207 0.000000 -0.044557 0.964643 -0.259767 0.000000 0.338630 0.259215 0.904509 0.000000 1.459305 -1.881194 -2.889904 1.000000
aniFrame
  m_time -0.474000
  m_vertexTransformMat 0.948926 -0.007176 -0.315416 0.000000 -0.072189 0.968281 -0.239210 0.000000 0.307128 0.249762 0.918309 0.000000 1.587253 -1.635202 -2.895287 1.000000
aniFrame
  m_time -0.458000
  m_vertexTransformMat 0.956290 0.032963 -0.290558 0.000000 -0.100450 0.970192 -0.220540 0.000000 0.274627 0.240086 0.931096 0.000000 1.683600 -1.384946 -2.884032 1.000000
aniFrame
  m_time -0.442000
  m_vertexTransformMat 0.961862 0.073062 -0.263597 0.000000 -0.129379 0.970576 -0.203086 0.000000 0.241003 0.229445 0.943013 0.000000 1.750825 -1.137845 -2.860038 1.000000
aniFrame
  m_time -0.426000
  m_vertexTransformMat 0.965280 0.110149 -0.236861 0.000000 -0.157456 0.968854 -0.191127 0.000000 0.208431 0.221786 0.952558 0.000000 1.762837 -0.905941 -2.804605 1.000000
aniFrame
  m_time -0.410000
  m_vertexTransformMat 0.966740 0.144603 -0.210959 0.000000 -0.184555 0.965452 -0.183964 0.000000 0.177069 0.216779 0.960028 0.000000 1.720104 -0.693651 -2.719843 1.000000
aniFrame
  m_time -0.394000
  m_vertexTransformMat 0.966353 0.176817 -0.186808 0.000000 -0.211474 0.959582 -0.185690 0.000000 0.146424 0.218948 0.964688 0.000000 1.626193 -0.501976 -2.606163 1.000000
aniFrame
  m_time -0.378000
  m_vertexTransformMat 0.964141 0.207335 -0.165663 0.000000 -0.238331 0.951036 -0.196795 0.000000 0.116749 0.229221 0.966347 0.000000 1.477296 -0.333912 -2.463933 1.000000
aniFrame
  m_time -0.362000
  m_vertexTransformMat 0.960357 0.237545 -0.145899 0.000000 -0.265164 0.939906 -0.215093 0.000000 0.086037 0.245253 0.965634 0.000000 1.304585 -0.181478 -2.306115 1.000000
aniFrame
  m_time -0.346000
  m_vertexTransformMat 0.954821 0.268248 -0.127911 0.000000 -0.292289 0.925450 -0.241056 0.000000 0.053712 0.267552 0.962045 0.000000 1.111834 -0.042568 -2.136383 1.000000
aniFrame
  m_time -0.330000
  m_vertexTransformMat 0.947981 0.298269 -0.111209 0.000000 -0.317655 0.909048 -0.269677 0.000000 0.020658 0.290975 0.956508 0.000000 0.913418 0.076035 -1.956794 1.000000
aniFrame
  m_time -0.314000
  m_vertexTransformMat 0.939983 0.327488 -0.095831 0.000000 -0.340976 0.890844 -0.300220 0.000000 -0.012948 0.314877 0.949044 0.000000 0.714631 0.174790 -1.767037 1.000000
aniFrame
  m_time -0.298000
  m_vertexTransformMat 0.931524 0.354647 -0.080550 0.000000 -0.360724 0.872830 -0.328704 0.000000 -0.046267 0.335252 0.940992 0.000000 0.523737 0.250096 -1.570892 1.000000
aniFrame
  m_time -0.282000
  m_vertexTransformMat 0.923195 0.378920 -0.064277 0.000000 -0.376171 0.856578 -0.353227 0.000000 -0.078786 0.350276 0.933327 0.000000 0.347272 0.300866 -1.367843 1.000000
aniFrame
  m_time -0.266000
  m_vertexTransformMat 0.915327 0.400058 -0.046159 0.000000 -0.387311 0.843124 -0.373005 0.000000 -0.110306 0.359299 0.926681 0.000000 0.187478 0.332834 -1.161045 1.000000
aniFrame
  m_time -0.250000
  m_vertexTransformMat 0.908556 0.417041 -0.024554 0.000000 -0.393441 0.834419 -0.385939 0.000000 -0.140464 0.360307 0.922198 0.000000 0.050586 0.351711 -0.949627 1.000000
aniFrame
  m_time -0.234000
  m_vertexTransformMat 0.902592 0.430498 -0.000297 0.000000 -0.395689 0.829339 -0.394495 0.000000 -0.169583 0.356185 0.918898 0.000000 -0.069552 0.356993 -0.740098 1.000000
aniFrame
  m_time -0.218000
  m_vertexTransformMat 0.897164 0.440939 0.025875 0.000000 -0.394935 0.827035 -0.400049 0.000000 -0.197797 0.348691 0.916128 0.000000 -0.177289 0.351145 -0.539575 1.000000
aniFrame
  m_time -0.202000
  m_vertexTransformMat 0.892297 0.448227 0.053834 0.000000 -0.391141 0.827125 -0.403575 0.000000 -0.225421 0.339052 0.913361 0.000000 -0.275841 0.334524 -0.352043 1.000000
aniFrame
  m_time -0.186000
  m_vertexTransformMat 0.887729 0.452874 0.082719 0.000000 -0.384572 0.828276 -0.407508 0.000000 -0.253064 0.329945 0.909447 0.000000 -0.372735 0.312655 -0.188723 1.000000
aniFrame
  m_time -0.170000
  m_vertexTransformMat 0.883469 0.454827 0.112316 0.000000 -0.375059 0.830315 -0.412199 0.000000 -0.280736 0.322040 0.904144 0.000000 -0.472686 0.286979 -0.051678 1.000000
aniFrame
  m_time -0.154000
  m_vertexTransformMat 0.879342 0.454853 0.140944 0.000000 -0.362959 0.831814 -0.419937 0.000000 -0.308249 0.318111 0.896542 0.000000 -0.585750 0.254441 0.043142 1.000000
aniFrame
  m_time -0.138000
  m_vertexTransformMat 0.875218 0.453096 0.169403 0.000000 -0.347450 0.832495 -0.431546 0.000000 -0.336558 0.318837 0.886043 0.000000 -0.721212 0.233617 0.099516 1.000000
aniFrame
  m_time -0.122000
  m_vertexTransformMat 0.870238 0.450348 0.199682 0.000000 -0.327169 0.831379 -0.449188 0.000000 -0.368302 0.325570 0.870837 0.000000 -0.888649 0.216131 0.118086 1.000000
aniFrame
  m_time -0.106000
  m_vertexTransformMat 0.864110 0.446979 0.231352 0.000000 -0.301647 0.827898 -0.472858 0.000000 -0.402893 0.338815 0.850224 0.000000 -1.094685 0.230533 0.100120 1.000000
aniFrame
  m_time -0.090000
  m_vertexTransformMat 0.857067 0.441509 0.265531 0.000000 -0.270133 0.823961 -0.498113 0.000000 -0.438708 0.355187 0.825456 0.000000 -1.326759 0.248271 0.057333 1.000000
aniFrame
  m_time -0.074000
  m_vertexTransformMat 0.848949 0.434661 0.300593 0.000000 -0.233319 0.818629 -0.524795 0.000000 -0.474181 0.375390 0.796389 0.000000 -1.562014 0.289097 -0.006375 1.000000
aniFrame
  m_time -0.058000
  m_vertexTransformMat 0.841436 0.424680 0.334117 0.000000 -0.193439 0.814082 -0.547588 0.000000 -0.504548 0.396129 0.767147 0.000000 -1.805899 0.328041 -0.084493 1.000000
aniFrame
  m_time -0.042000
  m_vertexTransformMat 0.835181 0.411575 0.364801 0.000000 -0.151979 0.810188 -0.566126 0.000000 -0.528560 0.417375 0.739204 0.000000 -2.018099 0.357253 -0.170560 1.000000
aniFrame
  m_time -0.026000
  m_vertexTransformMat 0.832219 0.394961 0.389126 0.000000 -0.113512 0.808330 -0.577684 0.000000 -0.542704 0.436588 0.717540 0.000000 -2.195886 0.383436 -0.252863 1.000000
aniFrame
  m_time -0.010000
  m_vertexTransformMat 0.833177 0.373935 0.407418 0.000000 -0.078720 0.809426 -0.581921 0.000000 -0.547376 0.452771 0.703832 0.000000 -2.334154 0.373380 -0.329782 1.000000
aniFrame
  m_time 0.005000
  m_vertexTransformMat 0.839549 0.345666 0.419133 0.000000 -0.047326 0.815079 -0.577414 0.000000 -0.541219 0.464931 0.700658 0.000000 -2.434298 0.335301 -0.412054 1.000000
aniFrame
  m_time 0.021000
  m_vertexTransformMat 0.851699 0.308491 0.423606 0.000000 -0.019165 0.826157 -0.563114 0.000000 -0.523681 0.471486 0.709550 0.000000 -2.499004 0.244535 -0.504776 1.000000
aniFrame
  m_time 0.037000
  m_vertexTransformMat 0.866883 0.264215 0.422734 0.000000 0.008638 0.839904 -0.542667 0.000000 -0.498436 0.474080 0.725816 0.000000 -2.542269 0.124638 -0.615102 1.000000
aniFrame
  m_time 0.053000
  m_vertexTransformMat 0.884292 0.211608 0.416233 0.000000 0.037892 0.855955 -0.515660 0.000000 -0.465394 0.471766 0.748896 0.000000 -2.572111 -0.033722 -0.753997 1.000000
aniFrame
  m_time 0.069000
  m_vertexTransformMat 0.901546 0.156457 0.403406 0.000000 0.066610 0.871035 -0.486685 0.000000 -0.427526 0.465639 0.774856 0.000000 -2.580470 -0.202046 -0.905041 1.000000
aniFrame
  m_time 0.085000
  m_vertexTransformMat 0.917875 0.099989 0.384068 0.000000 0.094562 0.884769 -0.456335 0.000000 -0.385440 0.455176 0.802653 0.000000 -2.568693 -0.378432 -1.067902 1.000000
aniFrame
  m_time 0.101000
  m_vertexTransformMat 0.932306 0.047257 0.358571 0.000000 0.119282 0.895778 -0.428197 0.000000 -0.341435 0.441982 0.829503 0.000000 -2.528921 -0.537611 -1.229395 1.000000
aniFrame
  m_time 0.117000
  m_vertexTransformMat 0.944364 0.001360 0.328900 0.000000 0.139367 0.904125 -0.403899 0.000000 -0.297916 0.427265 0.853634 0.000000 -2.454657 -0.663754 -1.375038 1.000000
aniFrame
  m_time 0.133000
  m_vertexTransformMat 0.955604 -0.035712 0.292483 0.000000 0.151545 0.910847 -0.383918 0.000000 -0.252696 0.411198 0.875820 0.000000 -2.347513 -0.749585 -1.512577 1.000000
aniFrame
  m_time 0.149000
  m_vertexTransformMat 0.966943 -0.060041 0.247824 0.000000 0.151545 0.916934 -0.369142 0.000000 -0.205075 0.394496 0.895722 0.000000 -2.202602 -0.773549 -1.639801 1.000000
aniFrame
  m_time 0.165000
  m_vertexTransformMat 0.977819 -0.074519 0.195747 0.000000 0.141876 0.923159 -0.357279 0.000000 -0.154082 0.377126 0.913255 0.000000 -2.035177 -0.756331 -1.762470 1.000000
aniFrame
  m_time 0.181000
  m_vertexTransformMat 0.987616 -0.080559 0.134627 0.000000 0.123131 0.929782 -0.346908 0.000000 -0.097227 0.359189 0.928187 0.000000 -1.862175 -0.707392 -1.892581 1.000000
aniFrame
  m_time 0.197000
  m_vertexTransformMat 0.994473 -0.079761 0.068278 0.000000 0.098223 0.936504 -0.336619 0.000000 -0.037094 0.341465 0.939162 0.000000 -1.690608 -0.640397 -2.020397 1.000000
aniFrame
  m_time 0.213000
  m_vertexTransformMat 0.997109 -0.075979 0.001356 0.000000 0.072255 0.942399 -0.326593 0.000000 0.023536 0.325747 0.945164 0.000000 -1.532817 -0.581841 -2.136492 1.000000
aniFrame
  m_time 0.229000
  m_vertexTransformMat 0.995392 -0.070792 -0.064683 0.000000 0.046826 0.947477 -0.316377 0.000000 0.083683 0.311890 0.946426 0.000000 -1.388306 -0.539851 -2.238443 1.000000
aniFrame
  m_time 0.245000
  m_vertexTransformMat 0.989861 -0.069791 -0.123708 0.000000 0.028743 0.951361 -0.306733 0.000000 0.139098 0.300067 0.943722 0.000000 -1.256614 -0.551368 -2.313905 1.000000
aniFrame
  m_time 0.261000
  m_vertexTransformMat 0.981506 -0.073582 -0.176728 0.000000 0.017675 0.954069 -0.299067 0.000000 0.190617 0.290412 0.937724 0.000000 -1.131664 -0.615169 -2.366717 1.000000
aniFrame
  m_time 0.277000
  m_vertexTransformMat 0.970907 -0.087709 -0.222818 0.000000 0.018566 0.955276 -0.295134 0.000000 0.238738 0.282410 0.929112 0.000000 -1.000270 -0.759224 -2.403136 1.000000
aniFrame
  m_time 0.293000
  m_vertexTransformMat 0.958528 -0.111155 -0.262429 0.000000 0.029606 0.954660 -0.296222 0.000000 0.283457 0.276168 0.918359 0.000000 -0.862782 -0.975469 -2.425268 1.000000
aniFrame
  m_time 0.309000
  m_vertexTransformMat 0.944225 -0.140272 -0.297931 0.000000 0.046641 0.952584 -0.300680 0.000000 0.325981 0.270014 0.905996 0.000000 -0.725219 -1.243412 -2.458381 1.000000
aniFrame
  m_time 0.325000
  m_vertexTransformMat 0.927999 -0.175021 -0.328915 0.000000 0.069135 0.948358 -0.309578 0.000000 0.366112 0.264548 0.892175 0.000000 -0.586220 -1.557877 -2.498311 1.000000
aniFrame
  m_time 0.341000
  m_vertexTransformMat 0.911428 -0.208864 -0.354506 0.000000 0.091910 0.943159 -0.319382 0.000000 0.401062 0.258511 0.878818 0.000000 -0.456000 -1.880719 -2.544229 1.000000
aniFrame
  m_time 0.357000
  m_vertexTransformMat 0.894850 -0.242196 -0.374947 0.000000 0.114900 0.936674 -0.330820 0.000000 0.431326 0.252952 0.866010 0.000000 -0.327436 -2.201503 -2.593682 1.000000
aniFrame
  m_time 0.373000
  m_vertexTransformMat 0.880478 -0.267789 -0.391213 0.000000 0.132185 0.931137 -0.339871 0.000000 0.455286 0.247536 0.855243 0.000000 -0.207844 -2.485109 -2.644614 1.000000
aniFrame
  m_time 0.389000
  m_vertexTransformMat 0.869016 -0.286104 -0.403678 0.000000 0.143861 0.926724 -0.347112 0.000000 0.473408 0.243572 0.846497 0.000000 -0.087059 -2.709674 -2.692751 1.000000
aniFrame
  m_time 0.405000
  m_vertexTransformMat 0.861870 -0.294232 -0.413046 0.000000 0.147804 0.924861 -0.350409 0.000000 0.485112 0.240957 0.840598 0.000000 0.036164 -2.875193 -2.743079 1.000000
aniFrame
  m_time 0.421000
  m_vertexTransformMat 0.859864 -0.291794 -0.418916 0.000000 0.143519 0.925631 -0.350157 0.000000 0.489935 0.240965 0.837794 0.000000 0.159396 -2.955685 -2.791200 1.000000
aniFrame
  m_time 0.437000
  m_vertexTransformMat 0.861234 -0.282461 -0.422484 0.000000 0.133903 0.928064 -0.347515 0.000000 0.490252 0.242720 0.837102 0.000000 0.304128 -2.984796 -2.834913 1.000000
aniFrame
  m_time 0.453000
  m_vertexTransformMat 0.866549 -0.266707 -0.421853 0.000000 0.120097 0.931835 -0.342434 0.000000 0.484426 0.246072 0.839512 0.000000 0.441300 -2.967451 -2.870732 1.000000
aniFrame
  m_time 0.469000
  m_vertexTransformMat 0.873873 -0.246661 -0.418933 0.000000 0.102954 0.936079 -0.336389 0.000000 0.475128 0.250831 0.843408 0.000000 0.589896 -2.902786 -2.896466 1.000000
aniFrame
  m_time 0.485000
  m_vertexTransformMat 0.883062 -0.222170 -0.413331 0.000000 0.083067 0.940919 -0.328286 0.000000 0.461846 0.255562 0.849345 0.000000 0.734123 -2.813735 -2.915282 1.000000
aniFrame
  m_time 0.501000
  m_vertexTransformMat 0.893173 -0.195767 -0.404867 0.000000 0.062126 0.945360 -0.320057 0.000000 0.445401 0.260713 0.856532 0.000000 0.864850 -2.690199 -2.919893 1.000000
aniFrame
  m_time 0.517000
  m_vertexTransformMat 0.903050 -0.168714 -0.395016 0.000000 0.041043 0.949317 -0.311629 0.000000 0.427571 0.265204 0.864205 0.000000 0.989839 -2.561246 -2.910620 1.000000
aniFrame
  m_time 0.533000
  m_vertexTransformMat 0.913185 -0.139476 -0.382937 0.000000 0.019243 0.953324 -0.301337 0.000000 0.407092 0.267808 0.873244 0.000000 1.111037 -2.412573 -2.898398 1.000000
aniFrame
  m_time 0.549000
  m_vertexTransformMat 0.923358 -0.107710 -0.368523 0.000000 -0.003280 0.957595 -0.288100 0.000000 0.383926 0.267228 0.883850 0.000000 1.240925 -2.234127 -2.891552 1.000000
aniFrame
  m_time 0.565000
  m_vertexTransformMat 0.933348 -0.073025 -0.351469 0.000000 -0.027194 0.961893 -0.272069 0.000000 0.357943 0.263493 0.895795 0.000000 1.371575 -2.034755 -2.888222 1.000000
aniFrame
  m_time 0.581000
  m_vertexTransformMat 0.943028 -0.034315 -0.330939 0.000000 -0.053623 0.965989 -0.252963 0.000000 0.328364 0.256297 0.909114 0.000000 1.503903 -1.800544 -2.892424 1.000000
aniFrame
  m_time 0.597000
  m_vertexTransformMat 0.951584 0.006280 -0.307325 0.000000 -0.081557 0.969117 -0.232727 0.000000 0.296372 0.246523 0.922708 0.000000 1.623224 -1.551804 -2.893559 1.000000
aniFrame
  m_time 0.613000
  m_vertexTransformMat 0.958369 0.046465 -0.281726 0.000000 -0.110081 0.970522 -0.214404 0.000000 0.263459 0.236491 0.935234 0.000000 1.710323 -1.301594 -2.878221 1.000000
aniFrame
  m_time 0.629000
  m_vertexTransformMat 0.963244 0.085863 -0.254536 0.000000 -0.138903 0.970237 -0.198362 0.000000 0.229928 0.226427 0.946501 0.000000 1.762039 -1.058413 -2.845763 1.000000
aniFrame
  m_time 0.645000
  m_vertexTransformMat 0.965972 0.121889 -0.228126 0.000000 -0.166555 0.967927 -0.188088 0.000000 0.197884 0.219683 0.955291 0.000000 1.754242 -0.832936 -2.779407 1.000000
aniFrame
  m_time 0.661000
  m_vertexTransformMat 0.966819 0.155580 -0.202623 0.000000 -0.193516 0.963819 -0.183314 0.000000 0.166772 0.216442 0.961946 0.000000 1.694702 -0.627391 -2.685300 1.000000
aniFrame
  m_time 0.677000
  m_vertexTransformMat 0.965804 0.187113 -0.179477 0.000000 -0.220438 0.957015 -0.188492 0.000000 0.136493 0.221610 0.965536 0.000000 1.581540 -0.443565 -2.561396 1.000000
aniFrame
  m_time 0.693000
  m_vertexTransformMat 0.963050 0.217370 -0.159011 0.000000 -0.247266 0.947626 -0.202149 0.000000 0.106742 0.233997 0.966360 0.000000 1.420724 -0.281862 -2.412390 1.000000
aniFrame
  m_time 0.709000
  m_vertexTransformMat 0.958702 0.247758 -0.139664 0.000000 -0.274238 0.935442 -0.223031 0.000000 0.075390 0.252121 0.964754 0.000000 1.242594 -0.133312 -2.250891 1.000000
aniFrame
  m_time 0.725000
  m_vertexTransformMat 0.952647 0.278407 -0.122283 0.000000 -0.301060 0.920084 -0.250614 0.000000 0.042738 0.275561 0.960333 0.000000 1.045066 -0.000507 -2.077447 1.000000
aniFrame
  m_time 0.741000
  m_vertexTransformMat 0.945441 0.308097 -0.105912 0.000000 -0.325654 0.903192 -0.279632 0.000000 0.009505 0.298866 0.954248 0.000000 0.847408 0.111115 -1.894631 1.000000
aniFrame
  m_time 0.757000
  m_vertexTransformMat 0.937152 0.336883 -0.090868 0.000000 -0.348086 0.884620 -0.310296 0.000000 -0.024150 0.322424 0.946288 0.000000 0.649211 0.202831 -1.702090 1.000000
aniFrame
  m_time 0.773000
  m_vertexTransformMat 0.928740 0.363024 -0.075205 0.000000 -0.366295 0.867257 -0.337184 0.000000 -0.057184 0.340703 0.938431 0.000000 0.463576 0.269412 -1.504124 1.000000
aniFrame
  m_time 0.789000
  m_vertexTransformMat 0.920485 0.386367 -0.058549 0.000000 -0.380407 0.851654 -0.360521 0.000000 -0.089430 0.354127 0.930912 0.000000 0.291737 0.313371 -1.298944 1.000000
aniFrame
  m_time 0.805000
  m_vertexTransformMat 0.912939 0.406196 -0.039347 0.000000 -0.389899 0.839696 -0.378008 0.000000 -0.120505 0.360440 0.924966 0.000000 0.139367 0.340361 -1.091523 1.000000
aniFrame
  m_time 0.821000
  m_vertexTransformMat 0.906513 0.421849 -0.016681 0.000000 -0.394533 0.832427 -0.389114 0.000000 -0.150261 0.359318 0.921039 0.000000 0.009170 0.355185 -0.878637 1.000000
aniFrame
  m_time 0.837000
  m_vertexTransformMat 0.900691 0.434385 0.008149 0.000000 -0.395823 0.828175 -0.396800 0.000000 -0.179112 0.354168 0.917869 0.000000 -0.107169 0.355614 -0.673091 1.000000
aniFrame
  m_time 0.853000
  m_vertexTransformMat 0.895505 0.443669 0.035067 0.000000 -0.393971 0.826909 -0.401259 0.000000 -0.207023 0.345514 0.915293 0.000000 -0.210590 0.347224 -0.474547 1.000000
aniFrame
  m_time 0.869000
  m_vertexTransformMat 0.890721 0.450121 0.063312 0.000000 -0.389304 0.827329 -0.404932 0.000000 -0.234648 0.336034 0.912152 0.000000 -0.308509 0.326060 -0.295782 1.000000
aniFrame
  m_time 0.885000
  m_vertexTransformMat 0.886293 0.453778 0.092577 0.000000 -0.381706 0.828938 -0.408855 0.000000 -0.262270 0.327028 0.907891 0.000000 -0.405086 0.305790 -0.139087 1.000000
aniFrame
  m_time 0.901000
  m_vertexTransformMat 0.882059 0.455054 0.122056 0.000000 -0.371308 0.830889 -0.414431 0.000000 -0.290004 0.320232 0.901858 0.000000 -0.508847 0.274049 -0.015493 1.000000
aniFrame
  m_time 0.917000
  m_vertexTransformMat 0.878006 0.454442 0.150296 0.000000 -0.358252 0.832156 -0.423287 0.000000 -0.317429 0.317805 0.893442 0.000000 -0.627636 0.247402 0.066082 1.000000
aniFrame
  m_time 0.933000
  m_vertexTransformMat 0.873695 0.452203 0.179359 0.000000 -0.341225 0.832441 -0.436587 0.000000 -0.346731 0.320242 0.881602 0.000000 -0.773518 0.225061 0.110147 1.000000
aniFrame
  m_time 0.949000
  m_vertexTransformMat 0.868308 0.449374 0.210009 0.000000 -0.319301 0.830378 -0.456640 0.000000 -0.379589 0.329448 0.864509 0.000000 -0.952601 0.218418 0.115611 1.000000
aniFrame
  m_time 0.965000
  m_vertexTransformMat 0.861888 0.445377 0.242461 0.000000 -0.291818 0.826651 -0.481135 0.000000 -0.414717 0.343930 0.842450 0.000000 -1.171545 0.236540 0.088233 1.000000
aniFrame
  m_time 0.981000
  m_vertexTransformMat 0.854413 0.439428 0.277276 0.000000 -0.258346 0.822278 -0.507066 0.000000 -0.450816 0.361611 0.816090 0.000000 -1.404066 0.258936 0.038110 1.000000
aniFrame
  m_time 0.997000
  m_vertexTransformMat 0.846316 0.431774 0.311964 0.000000 -0.220306 0.816927 -0.533008 0.000000 -0.484990 0.382365 0.786500 0.000000 -1.643455 0.305050 -0.031027 1.000000
aniFrame
  m_time 1.013000
  m_vertexTransformMat 0.839120 0.420639 0.344878 0.000000 -0.179567 0.812699 -0.554326 0.000000 -0.513452 0.403217 0.757485 0.000000 -1.881335 0.337287 -0.112982 1.000000
aniFrame
  m_time 1.029000
  m_vertexTransformMat 0.833748 0.406477 0.373685 0.000000 -0.138653 0.809234 -0.570891 0.000000 -0.534452 0.424166 0.731056 0.000000 -2.080439 0.368048 -0.198803 1.000000
aniFrame
  m_time 1.045000
  m_vertexTransformMat 0.832039 0.388561 0.395894 0.000000 -0.101533 0.808305 -0.579944 0.000000 -0.545346 0.442339 0.711993 0.000000 -2.246814 0.384102 -0.278694 1.000000
aniFrame
  m_time 1.061000
  m_vertexTransformMat 0.834623 0.365472 0.412109 0.000000 -0.067878 0.810712 -0.581497 0.000000 -0.546623 0.457358 0.701447 0.000000 -2.371260 0.363525 -0.356014 1.000000
aniFrame
  m_time 1.077000
  m_vertexTransformMat 0.843066 0.334204 0.421364 0.000000 -0.037689 0.818268 -0.573601 0.000000 -0.536488 0.467702 0.702450 0.000000 -2.459411 0.310965 -0.441580 1.000000
aniFrame
  m_time 1.093000
  m_vertexTransformMat 0.856564 0.294433 0.423801 0.000000 -0.010020 0.830590 -0.556795 0.000000 -0.515943 0.472685 0.714404 0.000000 -2.514884 0.205828 -0.539093 1.000000
aniFrame
  m_time 1.109000
  m_vertexTransformMat 0.872503 0.247501 0.421286 0.000000 0.018277 0.845080 -0.534328 0.000000 -0.488266 0.473903 0.732811 0.000000 -2.554043 0.076389 -0.658500 1.000000
aniFrame
  m_time 1.125000
  m_vertexTransformMat 0.890200 0.193087 0.412627 0.000000 0.047673 0.861284 -0.505883 0.000000 -0.453068 0.470009 0.757510 0.000000 -2.577714 -0.091414 -0.804245 1.000000
aniFrame
  m_time 1.141000
  m_vertexTransformMat 0.907097 0.137811 0.397723 0.000000 0.075996 0.875738 -0.476769 0.000000 -0.414005 0.462701 0.783905 0.000000 -2.578679 -0.259215 -0.957636 1.000000
aniFrame
  m_time 1.157000
  m_vertexTransformMat 0.922960 0.081523 0.376164 0.000000 0.103409 0.888858 -0.446361 0.000000 -0.370745 0.450872 0.811950 0.000000 -2.559365 -0.436289 -1.123461 1.000000
aniFrame
  m_time 1.173000
  m_vertexTransformMat 0.936537 0.031333 0.349165 0.000000 0.126454 0.898751 -0.419828 0.000000 -0.326967 0.437337 0.837752 0.000000 -2.507703 -0.582171 -1.279112 1.000000
aniFrame
  m_time 1.189000
  m_vertexTransformMat 0.948107 -0.012265 0.317716 0.000000 0.144630 0.906527 -0.396600 0.000000 -0.283153 0.421970 0.861258 0.000000 -2.422678 -0.698456 -1.421595 1.000000
aniFrame
  m_time 1.205000
  m_vertexTransformMat 0.959407 -0.045188 0.278381 0.000000 0.152841 0.912867 -0.378568 0.000000 -0.237019 0.405748 0.882718 0.000000 -2.303510 -0.764023 -1.556455 1.000000
aniFrame
  m_time 1.221000
  m_vertexTransformMat 0.970653 -0.065740 0.231324 0.000000 0.149213 0.918997 -0.364939 0.000000 -0.188595 0.388745 0.901837 0.000000 -2.147823 -0.770877 -1.680402 1.000000
aniFrame
  m_time 1.237000
  m_vertexTransformMat 0.981233 -0.077693 0.176479 0.000000 0.136883 0.925275 -0.353736 0.000000 -0.135809 0.371254 0.918546 0.000000 -1.978663 -0.745044 -1.805109 1.000000
aniFrame
  m_time 1.253000
  m_vertexTransformMat 0.990350 -0.080708 0.112665 0.000000 0.115037 0.932081 -0.343498 0.000000 -0.077290 0.353144 0.932371 0.000000 -1.803834 -0.684554 -1.936255 1.000000
aniFrame
  m_time 1.269000
  m_vertexTransformMat 0.995790 -0.079095 0.046333 0.000000 0.090052 0.938534 -0.333233 0.000000 -0.017128 0.336003 0.941705 0.000000 -1.636695 -0.621973 -2.059901 1.000000
aniFrame
  m_time 1.285000
  m_vertexTransformMat 0.997033 -0.074002 -0.021172 0.000000 0.063218 0.944208 -0.323226 0.000000 0.043911 0.320929 0.946085 0.000000 -1.483112 -0.563298 -2.172753 1.000000
aniFrame
  m_time 1.301000
  m_vertexTransformMat 0.993902 -0.070170 -0.085056 0.000000 0.040207 0.948903 -0.312995 0.000000 0.102673 0.307667 0.945938 0.000000 -1.342924 -0.538977 -2.266787 1.000000
aniFrame
  m_time 1.317000
  m_vertexTransformMat 0.987360 -0.070230 -0.142082 0.000000 0.024010 0.952398 -0.303911 0.000000 0.156663 0.296658 0.942046 0.000000 -1.214906 -0.565314 -2.333448 1.000000
aniFrame
  m_time 1.333000
  m_vertexTransformMat 0.978189 -0.076974 -0.192929 0.000000 0.016517 0.954687 -0.297154 0.000000 0.207060 0.287486 0.935136 0.000000 -1.089032 -0.653620 -2.381392 1.000000
aniFrame
  m_time 1.349000
  m_vertexTransformMat 0.966974 -0.094735 -0.236616 0.000000 0.021388 0.955243 -0.295048 0.000000 0.253977 0.280243 0.925721 0.000000 -0.954666 -0.824548 -2.410712 1.000000
aniFrame
  m_time 1.365000
  m_vertexTransformMat 0.954007 -0.120149 -0.274655 0.000000 0.034594 0.954174 -0.297247 0.000000 0.297782 0.274074 0.914445 0.000000 -0.817223 -1.058971 -2.434669 1.000000
aniFrame
  m_time 1.381000
  m_vertexTransformMat 0.938963 -0.151576 -0.308825 0.000000 0.053815 0.951367 -0.303323 0.000000 0.339782 0.268190 0.901456 0.000000 -0.678377 -1.344837 -2.471085 1.000000
aniFrame
  m_time 1.397000
  m_vertexTransformMat 0.922464 -0.186485 -0.338059 0.000000 0.076759 0.946716 -0.312790 0.000000 0.378376 0.262588 0.887626 0.000000 -0.541979 -1.665825 -2.512970 1.000000
aniFrame
  m_time 1.413000
  m_vertexTransformMat 0.905823 -0.220342 -0.361848 0.000000 0.099816 0.941062 -0.323173 0.000000 0.411730 0.256619 0.874429 0.000000 -0.412654 -1.989135 -2.560428 1.000000
aniFrame
  m_time 1.429000
  m_vertexTransformMat 0.889704 -0.251842 -0.380793 0.000000 0.121500 0.934622 -0.334245 0.000000 0.440074 0.251112 0.862135 0.000000 -0.286444 -2.302276 -2.610687 1.000000
aniFrame
  m_time 1.445000
  m_vertexTransformMat 0.876295 -0.274752 -0.395751 0.000000 0.136742 0.929503 -0.342528 0.000000 0.461962 0.246039 0.852089 0.000000 -0.168214 -2.566403 -2.660810 1.000000
aniFrame
  m_time 1.461000
  m_vertexTransformMat 0.866055 -0.290147 -0.407141 0.000000 0.146175 0.925734 -0.348781 0.000000 0.478102 0.242550 0.844149 0.000000 -0.045673 -2.771911 -2.709061 1.000000
aniFrame
  m_time 1.477000
  m_vertexTransformMat 0.860711 -0.294398 -0.415339 0.000000 0.147167 0.924890 -0.350600 0.000000 0.487359 0.240641 0.839388 0.000000 0.075852 -2.911229 -2.759714 1.000000
aniFrame
  m_time 1.493000
  m_vertexTransformMat 0.860009 -0.289308 -0.420340 0.000000 0.140747 0.926280 -0.349566 0.000000 0.490484 0.241468 0.837328 0.000000 0.205234 -2.968175 -2.806141 1.000000
aniFrame
  m_time 1.509000
  m_vertexTransformMat 0.862591 -0.277869 -0.422761 0.000000 0.129763 0.929223 -0.345988 0.000000 0.488978 0.243587 0.837595 0.000000 0.350979 -2.985880 -2.848153 1.000000
aniFrame
  m_time 1.525000
  m_vertexTransformMat 0.868909 -0.260386 -0.420946 0.000000 0.114682 0.933212 -0.340536 0.000000 0.481503 0.247620 0.840738 0.000000 0.487829 -2.949104 -2.880088 1.000000
aniFrame
  m_time 1.541000
  m_vertexTransformMat 0.876679 -0.238972 -0.417523 0.000000 0.096584 0.937657 -0.333874 0.000000 0.471280 0.252374 0.845105 0.000000 0.640801 -2.876659 -2.903925 1.000000
aniFrame
  m_time 1.557000
  m_vertexTransformMat 0.886459 -0.213389 -0.410677 0.000000 0.076100 0.942490 -0.325457 0.000000 0.456508 0.257252 0.851718 0.000000 0.777678 -2.776053 -2.918524 1.000000
aniFrame
  m_time 1.573000
  m_vertexTransformMat 0.896445 -0.186929 -0.401802 0.000000 0.055149 0.946692 -0.317385 0.000000 0.439711 0.262360 0.858966 0.000000 0.908068 -2.646708 -2.918006 1.000000
aniFrame
  m_time 1.589000
  m_vertexTransformMat 0.906398 -0.159254 -0.391256 0.000000 0.033881 0.950637 -0.308450 0.000000 0.421064 0.266322 0.867051 0.000000 1.029642 -2.516196 -2.906198 1.000000
aniFrame
  m_time 1.605000
  m_vertexTransformMat 0.916592 -0.129160 -0.378387 0.000000 0.011797 0.954709 -0.297307 0.000000 0.399649 0.268045 0.876603 0.000000 1.153704 -2.354067 -2.895600 1.000000
aniFrame
  m_time 1.621000
  m_vertexTransformMat 0.926714 -0.096510 -0.363162 0.000000 -0.011024 0.959057 -0.282998 0.000000 0.375605 0.266261 0.887708 0.000000 1.284826 -2.171237 -2.890172 1.000000
aniFrame
  m_time 1.637000
  m_vertexTransformMat 0.936620 -0.060625 -0.345063 0.000000 -0.035725 0.963253 -0.266207 0.000000 0.348522 0.261662 0.900036 0.000000 1.414719 -1.959541 -2.888145 1.000000
aniFrame
  m_time 1.653000
  m_vertexTransformMat 0.946063 -0.020762 -0.323318 0.000000 -0.062856 0.967221 -0.246033 0.000000 0.317828 0.253085 0.913747 0.000000 1.547026 -1.718320 -2.894572 1.000000
aniFrame
  m_time 1.669000
  m_vertexTransformMat 0.954021 0.019540 -0.299102 0.000000 -0.090930 0.969715 -0.226682 0.000000 0.285614 0.243457 0.926906 0.000000 1.654342 -1.468512 -2.888987 1.000000
aniFrame
  m_time 1.685000
  m_vertexTransformMat 0.960233 0.059882 -0.272702 0.000000 -0.119748 0.970662 -0.208509 0.000000 0.252216 0.232873 0.939232 0.000000 1.733166 -1.219051 -2.870543 1.000000
aniFrame
  m_time 1.701000
  m_vertexTransformMat 0.964376 0.098168 -0.245649 0.000000 -0.148254 0.969628 -0.194531 0.000000 0.219092 0.224019 0.949639 0.000000 1.765685 -0.981107 -2.826902 1.000000
aniFrame
  m_time 1.717000
  m_vertexTransformMat 0.966458 0.133374 -0.219478 0.000000 -0.175578 0.966807 -0.185628 0.000000 0.187435 0.217937 0.957795 0.000000 1.739972 -0.762163 -2.751187 1.000000
aniFrame
  m_time 1.733000
  m_vertexTransformMat 0.966694 0.166317 -0.194531 0.000000 -0.202491 0.961863 -0.183894 0.000000 0.156527 0.217160 0.963505 0.000000 1.663822 -0.563336 -2.647508 1.000000
aniFrame
  m_time 1.749000
  m_vertexTransformMat 0.965062 0.197267 -0.172457 0.000000 -0.229389 0.954166 -0.192219 0.000000 0.126634 0.225063 0.966080 0.000000 1.531401 -0.387680 -2.513795 1.000000
aniFrame
  m_time 1.765000
  m_vertexTransformMat 0.961795 0.227421 -0.152416 0.000000 -0.256194 0.943934 -0.208213 0.000000 0.096519 0.239306 0.966135 0.000000 1.363162 -0.231126 -2.359735 1.000000
aniFrame
  m_time 1.781000
  m_vertexTransformMat 0.956847 0.258010 -0.133695 0.000000 -0.283318 0.930592 -0.231797 0.000000 0.064610 0.259672 0.963533 0.000000 1.177995 -0.086724 -2.194163 1.000000
aniFrame
  m_time 1.797000
  m_vertexTransformMat 0.950360 0.288423 -0.116736 0.000000 -0.309530 0.914595 -0.260206 0.000000 0.031717 0.283423 0.958470 0.000000 0.978720 0.039168 -2.017524 1.000000
aniFrame
  m_time 1.813000
  m_vertexTransformMat 0.942766 0.317870 -0.100749 0.000000 -0.333450 0.897118 -0.289811 0.000000 -0.001739 0.306819 0.951766 0.000000 0.780751 0.142523 -1.831608 1.000000
aniFrame
  m_time 1.829000
  m_vertexTransformMat 0.934332 0.345972 -0.085603 0.000000 -0.354648 0.878693 -0.319567 0.000000 -0.035342 0.328941 0.943689 0.000000 0.585345 0.224401 -1.637748 1.000000
aniFrame
  m_time 1.845000
  m_vertexTransformMat 0.925987 0.371134 -0.069329 0.000000 -0.371347 0.862118 -0.344753 0.000000 -0.068179 0.344982 0.936130 0.000000 0.406217 0.283003 -1.438916 1.000000
aniFrame
  m_time 1.861000
  m_vertexTransformMat 0.917906 0.393420 -0.051678 0.000000 -0.383938 0.847702 -0.366051 0.000000 -0.100204 0.355841 0.929159 0.000000 0.242766 0.323310 -1.234557 1.000000
aniFrame
  m_time 1.877000
  m_vertexTransformMat 0.910763 0.411779 -0.030823 0.000000 -0.391626 0.837697 -0.380647 0.000000 -0.130922 0.358750 0.924206 0.000000 0.103142 0.353484 -1.027901 1.000000
aniFrame
  m_time 1.893000
  m_vertexTransformMat 0.904617 0.426173 -0.006736 0.000000 -0.394859 0.831989 -0.389719 0.000000 -0.160483 0.355206 0.920909 0.000000 -0.014927 0.375275 -0.818332 1.000000
aniFrame
  m_time 1.909000
  m_vertexTransformMat 0.898973 0.437580 0.019267 0.000000 -0.395051 0.829027 -0.395789 0.000000 -0.189162 0.348192 0.918140 0.000000 -0.119738 0.385225 -0.618340 1.000000
aniFrame
  m_time 1.925000
  m_vertexTransformMat 0.893963 0.445632 0.047358 0.000000 -0.392081 0.828933 -0.398927 0.000000 -0.217031 0.338058 0.915759 0.000000 -0.211853 0.388194 -0.426429 1.000000
aniFrame
  m_time 1.941000
  m_vertexTransformMat 0.889252 0.450988 0.076428 0.000000 -0.386386 0.830028 -0.402192 0.000000 -0.244821 0.328119 0.912360 0.000000 -0.301146 0.380906 -0.257575 1.000000
aniFrame
  m_time 1.957000
  m_vertexTransformMat 0.884890 0.453475 0.106443 0.000000 -0.377724 0.832302 -0.405706 0.000000 -0.272570 0.318799 0.907784 0.000000 -0.389781 0.373608 -0.110543 1.000000
aniFrame
  m_time 1.973000
  m_vertexTransformMat 0.880578 0.453941 0.136092 0.000000 -0.366367 0.834242 -0.412086 0.000000 -0.300596 0.313014 0.900924 0.000000 -0.494549 0.354929 -0.002907 1.000000
aniFrame
  m_time 1.989000
  m_vertexTransformMat 0.876215 0.452760 0.165096 0.000000 -0.352066 0.835315 -0.422254 0.000000 -0.329087 0.311861 0.891316 0.000000 -0.622350 0.345939 0.064057 1.000000
aniFrame
  m_time 2.005000
  m_vertexTransformMat 0.872342 0.448954 0.193545 0.000000 -0.333510 0.835934 -0.435874 0.000000 -0.357478 0.315682 0.878951 0.000000 -0.773198 0.326195 0.091694 1.000000
aniFrame
  m_time 2.021000
  m_vertexTransformMat 0.868868 0.443007 0.220936 0.000000 -0.310294 0.835106 -0.454220 0.000000 -0.385727 0.326102 0.863059 0.000000 -0.951759 0.319573 0.078443 1.000000
aniFrame
  m_time 2.037000
  m_vertexTransformMat 0.865657 0.434377 0.248906 0.000000 -0.282257 0.834086 -0.473954 0.000000 -0.413483 0.340026 0.844638 0.000000 -1.153937 0.309974 0.038624 1.000000
aniFrame
  m_time 2.053000
  m_vertexTransformMat 0.862962 0.422889 0.276516 0.000000 -0.249607 0.832629 -0.494395 0.000000 -0.439309 0.357624 0.824083 0.000000 -1.352920 0.304500 -0.022279 1.000000
aniFrame
  m_time 2.069000
  m_vertexTransformMat 0.859554 0.410039 0.305016 0.000000 -0.213358 0.830276 -0.514898 0.000000 -0.464375 0.377505 0.801153 0.000000 -1.575688 0.308341 -0.096078 1.000000
aniFrame
  m_time 2.085000
  m_vertexTransformMat 0.855675 0.395892 0.333300 0.000000 -0.174745 0.827245 -0.533976 0.000000 -0.487118 0.398668 0.777033 0.000000 -1.790929 0.306509 -0.176830 1.000000
aniFrame
  m_time 2.101000
  m_vertexTransformMat 0.850699 0.382034 0.361056 0.000000 -0.135346 0.822906 -0.551822 0.000000 -0.507930 0.420567 0.751752 0.000000 -2.000206 0.322108 -0.254249 1.000000
aniFrame
  m_time 2.117000
  m_vertexTransformMat 0.844227 0.368306 0.389398 0.000000 -0.096113 0.818759 -0.566035 0.000000 -0.527297 0.440436 0.726618 0.000000 -2.211473 0.316734 -0.322244 1.000000
aniFrame
  m_time 2.133000
  m_vertexTransformMat 0.836724 0.356090 0.416045 0.000000 -0.057389 0.812560 -0.580046 0.000000 -0.544610 0.461461 0.700324 0.000000 -2.404763 0.351849 -0.383451 1.000000
aniFrame
  m_time 2.133000
  m_vertexTransformMat 0.836724 0.356090 0.416045 0.000000 -0.057389 0.812560 -0.580046 0.000000 -0.544610 0.461461 0.700324 0.000000 -2.404763 0.351849 -0.383451 1.000000
