m_aniFrameList.size 84
aniFrame
  m_time -1.066000
  m_vertexTransformMat 1.000000 0.000001 -0.000000 0.000000 -0.000001 1.000000 0.000000 0.000000 0.000000 -0.000000 1.000000 0.000000 0.200000 -0.629500 -1.067963 1.000000
aniFrame
  m_time -1.027000
  m_vertexTransformMat 1.000000 0.000001 -0.000000 0.000000 -0.000001 1.000000 0.000000 0.000000 0.000000 -0.000000 1.000000 0.000000 -0.259124 -0.629500 -1.360632 1.000000
aniFrame
  m_time -0.988000
  m_vertexTransformMat 1.000000 0.000001 -0.000000 0.000000 -0.000001 1.000000 0.000000 0.000000 0.000000 -0.000000 1.000000 0.000000 -0.737357 -0.629500 -1.677015 1.000000
aniFrame
  m_time -0.949000
  m_vertexTransformMat 1.000000 0.000001 -0.000000 0.000000 -0.000001 1.000000 0.000000 0.000000 0.000000 -0.000000 1.000000 0.000000 -1.102260 -0.629500 -1.855185 1.000000
aniFrame
  m_time -0.910000
  m_vertexTransformMat 1.000000 0.000001 -0.000000 0.000000 -0.000001 1.000000 0.000000 0.000000 0.000000 -0.000000 1.000000 0.000000 -1.282418 -0.629500 -1.778027 1.000000
aniFrame
  m_time -0.871000
  m_vertexTransformMat 1.000000 0.000001 -0.000000 0.000000 -0.000001 1.000000 0.000000 0.000000 0.000000 -0.000000 1.000000 0.000000 -1.356644 -0.629500 -1.505306 1.000000
aniFrame
  m_time -0.832000
  m_vertexTransformMat 1.000000 0.000001 -0.000000 0.000000 -0.000001 1.000000 0.000000 0.000000 0.000000 -0.000000 1.000000 0.000000 -1.367239 -0.629500 -1.143274 1.000000
aniFrame
  m_time -0.793000
  m_vertexTransformMat 1.000000 0.000001 -0.000000 0.000000 -0.000001 1.000000 0.000000 0.000000 0.000000 -0.000000 1.000000 0.000000 -1.327089 -0.629500 -0.781889 1.000000
aniFrame
  m_time -0.754000
  m_vertexTransformMat 1.000000 0.000001 -0.000000 0.000000 -0.000001 1.000000 0.000000 0.000000 0.000000 -0.000000 1.000000 0.000000 -1.251716 -0.629500 -0.514456 1.000000
aniFrame
  m_time -0.715000
  m_vertexTransformMat 1.000000 0.000001 -0.000000 0.000000 -0.000001 1.000000 0.000000 0.000000 0.000000 -0.000000 1.000000 0.000000 -1.150926 -0.629500 -0.414610 1.000000
aniFrame
  m_time -0.676000
  m_vertexTransformMat 1.000000 0.000001 -0.000000 0.000000 -0.000001 1.000000 0.000000 0.000000 0.000000 -0.000000 1.000000 0.000000 -1.014719 -0.629500 -0.454041 1.000000
aniFrame
  m_time -0.637000
  m_vertexTransformMat 1.000000 0.000001 -0.000000 0.000000 -0.000001 1.000000 0.000000 0.000000 0.000000 -0.000000 1.000000 0.000000 -0.839247 -0.629500 -0.579138 1.000000
aniFrame
  m_time -0.598000
  m_vertexTransformMat 1.000000 0.000001 -0.000000 0.000000 -0.000001 1.000000 0.000000 0.000000 0.000000 -0.000000 1.000000 0.000000 -0.627768 -0.629500 -0.755205 1.000000
aniFrame
  m_time -0.559000
  m_vertexTransformMat 1.000000 0.000001 -0.000000 0.000000 -0.000001 1.000000 0.000000 0.000000 0.000000 -0.000000 1.000000 0.000000 -0.384289 -0.629500 -0.945499 1.000000
aniFrame
  m_time -0.520000
  m_vertexTransformMat 1.000000 0.000001 -0.000000 0.000000 -0.000001 1.000000 0.000000 0.000000 0.000000 -0.000000 1.000000 0.000000 -0.086323 -0.629500 -1.141983 1.000000
aniFrame
  m_time -0.481000
  m_vertexTransformMat 1.000000 0.000001 -0.000000 0.000000 -0.000001 1.000000 0.000000 0.000000 0.000000 -0.000000 1.000000 0.000000 0.360988 -0.629500 -1.435987 1.000000
aniFrame
  m_time -0.442000
  m_vertexTransformMat 1.000000 0.000001 -0.000000 0.000000 -0.000001 1.000000 0.000000 0.000000 0.000000 -0.000000 1.000000 0.000000 0.855033 -0.629500 -1.742052 1.000000
aniFrame
  m_time -0.403000
  m_vertexTransformMat 1.000000 0.000001 -0.000000 0.000000 -0.000001 1.000000 0.000000 0.000000 0.000000 -0.000000 1.000000 0.000000 1.180007 -0.629500 -1.859154 1.000000
aniFrame
  m_time -0.364000
  m_vertexTransformMat 1.000000 0.000001 -0.000000 0.000000 -0.000001 1.000000 0.000000 0.000000 0.000000 -0.000000 1.000000 0.000000 1.308540 -0.629500 -1.735186 1.000000
aniFrame
  m_time -0.325000
  m_vertexTransformMat 1.000000 0.000001 -0.000000 0.000000 -0.000001 1.000000 0.000000 0.000000 0.000000 -0.000000 1.000000 0.000000 1.372217 -0.629500 -1.489847 1.000000
aniFrame
  m_time -0.286000
  m_vertexTransformMat 1.000000 0.000001 -0.000000 0.000000 -0.000001 1.000000 0.000000 0.000000 0.000000 -0.000000 1.000000 0.000000 1.385271 -0.629500 -1.182121 1.000000
aniFrame
  m_time -0.247000
  m_vertexTransformMat 1.000000 0.000001 -0.000000 0.000000 -0.000001 1.000000 0.000000 0.000000 0.000000 -0.000000 1.000000 0.000000 1.356372 -0.629500 -0.867809 1.000000
aniFrame
  m_time -0.208000
  m_vertexTransformMat 1.000000 0.000001 -0.000000 0.000000 -0.000001 1.000000 0.000000 0.000000 0.000000 -0.000000 1.000000 0.000000 1.294189 -0.629500 -0.602718 1.000000
aniFrame
  m_time -0.169000
  m_vertexTransformMat 1.000000 0.000001 -0.000000 0.000000 -0.000001 1.000000 0.000000 0.000000 0.000000 -0.000000 1.000000 0.000000 1.208385 -0.629500 -0.442707 1.000000
aniFrame
  m_time -0.130000
  m_vertexTransformMat 1.000000 0.000001 -0.000000 0.000000 -0.000001 1.000000 0.000000 0.000000 0.000000 -0.000000 1.000000 0.000000 1.073764 -0.629500 -0.439302 1.000000
aniFrame
  m_time -0.091000
  m_vertexTransformMat 1.000000 0.000001 -0.000000 0.000000 -0.000001 1.000000 0.000000 0.000000 0.000000 -0.000000 1.000000 0.000000 0.866719 -0.629500 -0.571766 1.000000
aniFrame
  m_time -0.052000
  m_vertexTransformMat 1.000000 0.000001 -0.000000 0.000000 -0.000001 1.000000 0.000000 0.000000 0.000000 -0.000000 1.000000 0.000000 0.605202 -0.629500 -0.779209 1.000000
aniFrame
  m_time -0.013000
  m_vertexTransformMat 1.000000 0.000001 -0.000000 0.000000 -0.000001 1.000000 0.000000 0.000000 0.000000 -0.000000 1.000000 0.000000 0.313865 -0.629500 -0.992586 1.000000
aniFrame
  m_time 0.025000
  m_vertexTransformMat 1.000000 0.000001 -0.000000 0.000000 -0.000001 1.000000 0.000000 0.000000 0.000000 -0.000000 1.000000 0.000000 -0.053094 -0.629500 -1.233290 1.000000
aniFrame
  m_time 0.064000
  m_vertexTransformMat 1.000000 0.000001 -0.000000 0.000000 -0.000001 1.000000 0.000000 0.000000 0.000000 -0.000000 1.000000 0.000000 -0.534655 -0.629500 -1.555336 1.000000
aniFrame
  m_time 0.103000
  m_vertexTransformMat 1.000000 0.000001 -0.000000 0.000000 -0.000001 1.000000 0.000000 0.000000 0.000000 -0.000000 1.000000 0.000000 -0.983611 -0.629500 -1.813183 1.000000
aniFrame
  m_time 0.142000
  m_vertexTransformMat 1.000000 0.000001 -0.000000 0.000000 -0.000001 1.000000 0.000000 0.000000 0.000000 -0.000000 1.000000 0.000000 -1.240846 -0.629500 -1.837553 1.000000
aniFrame
  m_time 0.181000
  m_vertexTransformMat 1.000000 0.000001 -0.000000 0.000000 -0.000001 1.000000 0.000000 0.000000 0.000000 -0.000000 1.000000 0.000000 -1.338378 -0.629500 -1.616833 1.000000
aniFrame
  m_time 0.220000
  m_vertexTransformMat 1.000000 0.000001 -0.000000 0.000000 -0.000001 1.000000 0.000000 0.000000 0.000000 -0.000000 1.000000 0.000000 -1.370018 -0.629500 -1.274427 1.000000
aniFrame
  m_time 0.259000
  m_vertexTransformMat 1.000000 0.000001 -0.000000 0.000000 -0.000001 1.000000 0.000000 0.000000 0.000000 -0.000000 1.000000 0.000000 -1.345723 -0.629500 -0.901085 1.000000
aniFrame
  m_time 0.298000
  m_vertexTransformMat 1.000000 0.000001 -0.000000 0.000000 -0.000001 1.000000 0.000000 0.000000 0.000000 -0.000000 1.000000 0.000000 -1.280710 -0.629500 -0.589397 1.000000
aniFrame
  m_time 0.337000
  m_vertexTransformMat 1.000000 0.000001 -0.000000 0.000000 -0.000001 1.000000 0.000000 0.000000 0.000000 -0.000000 1.000000 0.000000 -1.189342 -0.629500 -0.428509 1.000000
aniFrame
  m_time 0.376000
  m_vertexTransformMat 1.000000 0.000001 -0.000000 0.000000 -0.000001 1.000000 0.000000 0.000000 0.000000 -0.000000 1.000000 0.000000 -1.067234 -0.629500 -0.428364 1.000000
aniFrame
  m_time 0.415000
  m_vertexTransformMat 1.000000 0.000001 -0.000000 0.000000 -0.000001 1.000000 0.000000 0.000000 0.000000 -0.000000 1.000000 0.000000 -0.905005 -0.629500 -0.527229 1.000000
aniFrame
  m_time 0.454000
  m_vertexTransformMat 1.000000 0.000001 -0.000000 0.000000 -0.000001 1.000000 0.000000 0.000000 0.000000 -0.000000 1.000000 0.000000 -0.705795 -0.629500 -0.690096 1.000000
aniFrame
  m_time 0.493000
  m_vertexTransformMat 1.000000 0.000001 -0.000000 0.000000 -0.000001 1.000000 0.000000 0.000000 0.000000 -0.000000 1.000000 0.000000 -0.472293 -0.629500 -0.880955 1.000000
aniFrame
  m_time 0.532000
  m_vertexTransformMat 1.000000 0.000001 -0.000000 0.000000 -0.000001 1.000000 0.000000 0.000000 0.000000 -0.000000 1.000000 0.000000 -0.208306 -0.629500 -1.062492 1.000000
aniFrame
  m_time 0.571000
  m_vertexTransformMat 1.000000 0.000001 -0.000000 0.000000 -0.000001 1.000000 0.000000 0.000000 0.000000 -0.000000 1.000000 0.000000 0.184830 -0.629500 -1.318266 1.000000
aniFrame
  m_time 0.610000
  m_vertexTransformMat 1.000000 0.000001 -0.000000 0.000000 -0.000001 1.000000 0.000000 0.000000 0.000000 -0.000000 1.000000 0.000000 0.686986 -0.629500 -1.643211 1.000000
aniFrame
  m_time 0.649000
  m_vertexTransformMat 1.000000 0.000001 -0.000000 0.000000 -0.000001 1.000000 0.000000 0.000000 0.000000 -0.000000 1.000000 0.000000 1.090833 -0.629500 -1.845510 1.000000
aniFrame
  m_time 0.688000
  m_vertexTransformMat 1.000000 0.000001 -0.000000 0.000000 -0.000001 1.000000 0.000000 0.000000 0.000000 -0.000000 1.000000 0.000000 1.276270 -0.629500 -1.797836 1.000000
aniFrame
  m_time 0.727000
  m_vertexTransformMat 1.000000 0.000001 -0.000000 0.000000 -0.000001 1.000000 0.000000 0.000000 0.000000 -0.000000 1.000000 0.000000 1.355940 -0.629500 -1.584696 1.000000
aniFrame
  m_time 0.766000
  m_vertexTransformMat 1.000000 0.000001 -0.000000 0.000000 -0.000001 1.000000 0.000000 0.000000 0.000000 -0.000000 1.000000 0.000000 1.385843 -0.629500 -1.293095 1.000000
aniFrame
  m_time 0.805000
  m_vertexTransformMat 1.000000 0.000001 -0.000000 0.000000 -0.000001 1.000000 0.000000 0.000000 0.000000 -0.000000 1.000000 0.000000 1.370818 -0.629500 -0.975769 1.000000
aniFrame
  m_time 0.844000
  m_vertexTransformMat 1.000000 0.000001 -0.000000 0.000000 -0.000001 1.000000 0.000000 0.000000 0.000000 -0.000000 1.000000 0.000000 1.319363 -0.629500 -0.687408 1.000000
aniFrame
  m_time 0.883000
  m_vertexTransformMat 1.000000 0.000001 -0.000000 0.000000 -0.000001 1.000000 0.000000 0.000000 0.000000 -0.000000 1.000000 0.000000 1.241811 -0.629500 -0.483913 1.000000
aniFrame
  m_time 0.922000
  m_vertexTransformMat 1.000000 0.000001 -0.000000 0.000000 -0.000001 1.000000 0.000000 0.000000 0.000000 -0.000000 1.000000 0.000000 1.128604 -0.629500 -0.423563 1.000000
aniFrame
  m_time 0.961000
  m_vertexTransformMat 1.000000 0.000001 -0.000000 0.000000 -0.000001 1.000000 0.000000 0.000000 0.000000 -0.000000 1.000000 0.000000 0.946090 -0.629500 -0.514833 1.000000
aniFrame
  m_time 1.000000
  m_vertexTransformMat 1.000000 0.000001 -0.000000 0.000000 -0.000001 1.000000 0.000000 0.000000 0.000000 -0.000000 1.000000 0.000000 0.701725 -0.629500 -0.702215 1.000000
aniFrame
  m_time 1.039000
  m_vertexTransformMat 1.000000 0.000001 -0.000000 0.000000 -0.000001 1.000000 0.000000 0.000000 0.000000 -0.000000 1.000000 0.000000 0.416501 -0.629500 -0.922770 1.000000
aniFrame
  m_time 1.078000
  m_vertexTransformMat 1.000000 0.000001 -0.000000 0.000000 -0.000001 1.000000 0.000000 0.000000 0.000000 -0.000000 1.000000 0.000000 0.089245 -0.629500 -1.140656 1.000000
aniFrame
  m_time 1.117000
  m_vertexTransformMat 1.000000 0.000001 -0.000000 0.000000 -0.000001 1.000000 0.000000 0.000000 0.000000 -0.000000 1.000000 0.000000 -0.358696 -0.629500 -1.438564 1.000000
aniFrame
  m_time 1.156000
  m_vertexTransformMat 1.000000 0.000001 -0.000000 0.000000 -0.000001 1.000000 0.000000 0.000000 0.000000 -0.000000 1.000000 0.000000 -0.843362 -0.629500 -1.743765 1.000000
aniFrame
  m_time 1.195000
  m_vertexTransformMat 1.000000 0.000001 -0.000000 0.000000 -0.000001 1.000000 0.000000 0.000000 0.000000 -0.000000 1.000000 0.000000 -1.173725 -0.629500 -1.861513 1.000000
aniFrame
  m_time 1.234000
  m_vertexTransformMat 1.000000 0.000001 -0.000000 0.000000 -0.000001 1.000000 0.000000 0.000000 0.000000 -0.000000 1.000000 0.000000 -1.311189 -0.629500 -1.712061 1.000000
aniFrame
  m_time 1.273000
  m_vertexTransformMat 1.000000 0.000001 -0.000000 0.000000 -0.000001 1.000000 0.000000 0.000000 0.000000 -0.000000 1.000000 0.000000 -1.366267 -0.629500 -1.403839 1.000000
aniFrame
  m_time 1.312000
  m_vertexTransformMat 1.000000 0.000001 -0.000000 0.000000 -0.000001 1.000000 0.000000 0.000000 0.000000 -0.000000 1.000000 0.000000 -1.359885 -0.629500 -1.031073 1.000000
aniFrame
  m_time 1.351000
  m_vertexTransformMat 1.000000 0.000001 -0.000000 0.000000 -0.000001 1.000000 0.000000 0.000000 0.000000 -0.000000 1.000000 0.000000 -1.307263 -0.629500 -0.686350 1.000000
aniFrame
  m_time 1.390000
  m_vertexTransformMat 1.000000 0.000001 -0.000000 0.000000 -0.000001 1.000000 0.000000 0.000000 0.000000 -0.000000 1.000000 0.000000 -1.224525 -0.629500 -0.465796 1.000000
aniFrame
  m_time 1.429000
  m_vertexTransformMat 1.000000 0.000001 -0.000000 0.000000 -0.000001 1.000000 0.000000 0.000000 0.000000 -0.000000 1.000000 0.000000 -1.114725 -0.629500 -0.416058 1.000000
aniFrame
  m_time 1.468000
  m_vertexTransformMat 1.000000 0.000001 -0.000000 0.000000 -0.000001 1.000000 0.000000 0.000000 0.000000 -0.000000 1.000000 0.000000 -0.966199 -0.629500 -0.483475 1.000000
aniFrame
  m_time 1.507000
  m_vertexTransformMat 1.000000 0.000001 -0.000000 0.000000 -0.000001 1.000000 0.000000 0.000000 0.000000 -0.000000 1.000000 0.000000 -0.779681 -0.629500 -0.627506 1.000000
aniFrame
  m_time 1.546000
  m_vertexTransformMat 1.000000 0.000001 -0.000000 0.000000 -0.000001 1.000000 0.000000 0.000000 0.000000 -0.000000 1.000000 0.000000 -0.557894 -0.629500 -0.812603 1.000000
aniFrame
  m_time 1.585000
  m_vertexTransformMat 1.000000 0.000001 -0.000000 0.000000 -0.000001 1.000000 0.000000 0.000000 0.000000 -0.000000 1.000000 0.000000 -0.309017 -0.629500 -0.996405 1.000000
aniFrame
  m_time 1.624000
  m_vertexTransformMat 1.000000 0.000001 -0.000000 0.000000 -0.000001 1.000000 0.000000 0.000000 0.000000 -0.000000 1.000000 0.000000 0.031188 -0.629500 -1.217857 1.000000
aniFrame
  m_time 1.663000
  m_vertexTransformMat 1.000000 0.000001 -0.000000 0.000000 -0.000001 1.000000 0.000000 0.000000 0.000000 -0.000000 1.000000 0.000000 0.514423 -0.629500 -1.536194 1.000000
aniFrame
  m_time 1.702000
  m_vertexTransformMat 1.000000 0.000001 -0.000000 0.000000 -0.000001 1.000000 0.000000 0.000000 0.000000 -0.000000 1.000000 0.000000 0.976786 -0.629500 -1.803110 1.000000
aniFrame
  m_time 1.741000
  m_vertexTransformMat 1.000000 0.000001 -0.000000 0.000000 -0.000001 1.000000 0.000000 0.000000 0.000000 -0.000000 1.000000 0.000000 1.235660 -0.629500 -1.844757 1.000000
aniFrame
  m_time 1.780000
  m_vertexTransformMat 1.000000 0.000001 -0.000000 0.000000 -0.000001 1.000000 0.000000 0.000000 0.000000 -0.000000 1.000000 0.000000 1.333381 -0.629500 -1.671453 1.000000
aniFrame
  m_time 1.819000
  m_vertexTransformMat 1.000000 0.000001 -0.000000 0.000000 -0.000001 1.000000 0.000000 0.000000 0.000000 -0.000000 1.000000 0.000000 1.380921 -0.629500 -1.401058 1.000000
aniFrame
  m_time 1.858000
  m_vertexTransformMat 1.000000 0.000001 -0.000000 0.000000 -0.000001 1.000000 0.000000 0.000000 0.000000 -0.000000 1.000000 0.000000 1.380524 -0.629500 -1.085571 1.000000
aniFrame
  m_time 1.897000
  m_vertexTransformMat 1.000000 0.000001 -0.000000 0.000000 -0.000001 1.000000 0.000000 0.000000 0.000000 -0.000000 1.000000 0.000000 1.340861 -0.629500 -0.780790 1.000000
aniFrame
  m_time 1.936000
  m_vertexTransformMat 1.000000 0.000001 -0.000000 0.000000 -0.000001 1.000000 0.000000 0.000000 0.000000 -0.000000 1.000000 0.000000 1.270695 -0.629500 -0.542221 1.000000
aniFrame
  m_time 1.975000
  m_vertexTransformMat 1.000000 0.000001 -0.000000 0.000000 -0.000001 1.000000 0.000000 0.000000 0.000000 -0.000000 1.000000 0.000000 1.172502 -0.629500 -0.426022 1.000000
aniFrame
  m_time 2.014000
  m_vertexTransformMat 1.000000 0.000001 -0.000000 0.000000 -0.000001 1.000000 0.000000 0.000000 0.000000 -0.000000 1.000000 0.000000 0.999211 -0.629500 -0.476900 1.000000
aniFrame
  m_time 2.053000
  m_vertexTransformMat 1.000000 0.000001 -0.000000 0.000000 -0.000001 1.000000 0.000000 0.000000 0.000000 -0.000000 1.000000 0.000000 0.749664 -0.629500 -0.650230 1.000000
aniFrame
  m_time 2.092000
  m_vertexTransformMat 1.000000 0.000001 -0.000000 0.000000 -0.000001 1.000000 0.000000 0.000000 0.000000 -0.000000 1.000000 0.000000 0.472172 -0.629500 -0.869570 1.000000
aniFrame
  m_time 2.131000
  m_vertexTransformMat 1.000000 0.000001 -0.000000 0.000000 -0.000001 1.000000 0.000000 0.000000 0.000000 -0.000000 1.000000 0.000000 0.213089 -0.629500 -1.058594 1.000000
aniFrame
  m_time 2.133000
  m_vertexTransformMat 1.000000 0.000001 -0.000000 0.000000 -0.000001 1.000000 0.000000 0.000000 0.000000 -0.000000 1.000000 0.000000 0.200000 -0.629500 -1.067963 1.000000
