m_aniFrameList.size 202
aniFrame
  m_time -1.066000
  m_vertexTransformMat 1.000000 0.000001 -0.000000 0.000000 -0.000001 1.000000 0.000000 0.000000 0.000000 -0.000000 1.000000 0.000000 0.200000 -0.629500 -1.067963 1.000000
aniFrame
  m_time -1.050000
  m_vertexTransformMat 1.000000 0.000001 -0.000000 0.000000 -0.000001 1.000000 0.000000 0.000000 0.000000 -0.000000 1.000000 0.000000 0.014673 -0.629500 -1.184269 1.000000
aniFrame
  m_time -1.034000
  m_vertexTransformMat 1.000000 0.000001 -0.000000 0.000000 -0.000001 1.000000 0.000000 0.000000 0.000000 -0.000000 1.000000 0.000000 -0.173316 -0.629500 -1.303881 1.000000
aniFrame
  m_time -1.018000
  m_vertexTransformMat 1.000000 0.000001 -0.000000 0.000000 -0.000001 1.000000 0.000000 0.000000 0.000000 -0.000000 1.000000 0.000000 -0.373285 -0.629500 -1.438356 1.000000
aniFrame
  m_time -1.002000
  m_vertexTransformMat 1.000000 0.000001 -0.000000 0.000000 -0.000001 1.000000 0.000000 0.000000 0.000000 -0.000000 1.000000 0.000000 -0.573450 -0.629500 -1.573076 1.000000
aniFrame
  m_time -0.986000
  m_vertexTransformMat 1.000000 0.000001 -0.000000 0.000000 -0.000001 1.000000 0.000000 0.000000 0.000000 -0.000000 1.000000 0.000000 -0.760330 -0.629500 -1.691313 1.000000
aniFrame
  m_time -0.970000
  m_vertexTransformMat 1.000000 0.000001 -0.000000 0.000000 -0.000001 1.000000 0.000000 0.000000 0.000000 -0.000000 1.000000 0.000000 -0.930981 -0.629500 -1.789408 1.000000
aniFrame
  m_time -0.954000
  m_vertexTransformMat 1.000000 0.000001 -0.000000 0.000000 -0.000001 1.000000 0.000000 0.000000 0.000000 -0.000000 1.000000 0.000000 -1.066381 -0.629500 -1.845337 1.000000
aniFrame
  m_time -0.938000
  m_vertexTransformMat 1.000000 0.000001 -0.000000 0.000000 -0.000001 1.000000 0.000000 0.000000 0.000000 -0.000000 1.000000 0.000000 -1.171259 -0.629500 -1.862379 1.000000
aniFrame
  m_time -0.922000
  m_vertexTransformMat 1.000000 0.000001 -0.000000 0.000000 -0.000001 1.000000 0.000000 0.000000 0.000000 -0.000000 1.000000 0.000000 -1.245874 -0.629500 -1.831360 1.000000
aniFrame
  m_time -0.906000
  m_vertexTransformMat 1.000000 0.000001 -0.000000 0.000000 -0.000001 1.000000 0.000000 0.000000 0.000000 -0.000000 1.000000 0.000000 -1.292597 -0.629500 -1.756491 1.000000
aniFrame
  m_time -0.890000
  m_vertexTransformMat 1.000000 0.000001 -0.000000 0.000000 -0.000001 1.000000 0.000000 0.000000 0.000000 -0.000000 1.000000 0.000000 -1.328937 -0.629500 -1.656591 1.000000
aniFrame
  m_time -0.874000
  m_vertexTransformMat 1.000000 0.000001 -0.000000 0.000000 -0.000001 1.000000 0.000000 0.000000 0.000000 -0.000000 1.000000 0.000000 -1.353300 -0.629500 -1.530581 1.000000
aniFrame
  m_time -0.858000
  m_vertexTransformMat 1.000000 0.000001 -0.000000 0.000000 -0.000001 1.000000 0.000000 0.000000 0.000000 -0.000000 1.000000 0.000000 -1.366975 -0.629500 -1.391621 1.000000
aniFrame
  m_time -0.842000
  m_vertexTransformMat 1.000000 0.000001 -0.000000 0.000000 -0.000001 1.000000 0.000000 0.000000 0.000000 -0.000000 1.000000 0.000000 -1.369833 -0.629500 -1.238922 1.000000
aniFrame
  m_time -0.826000
  m_vertexTransformMat 1.000000 0.000001 -0.000000 0.000000 -0.000001 1.000000 0.000000 0.000000 0.000000 -0.000000 1.000000 0.000000 -1.364086 -0.629500 -1.085938 1.000000
aniFrame
  m_time -0.810000
  m_vertexTransformMat 1.000000 0.000001 -0.000000 0.000000 -0.000001 1.000000 0.000000 0.000000 0.000000 -0.000000 1.000000 0.000000 -1.349632 -0.629500 -0.932058 1.000000
aniFrame
  m_time -0.794000
  m_vertexTransformMat 1.000000 0.000001 -0.000000 0.000000 -0.000001 1.000000 0.000000 0.000000 0.000000 -0.000000 1.000000 0.000000 -1.328624 -0.629500 -0.790369 1.000000
aniFrame
  m_time -0.778000
  m_vertexTransformMat 1.000000 0.000001 -0.000000 0.000000 -0.000001 1.000000 0.000000 0.000000 0.000000 -0.000000 1.000000 0.000000 -1.301052 -0.629500 -0.660812 1.000000
aniFrame
  m_time -0.762000
  m_vertexTransformMat 1.000000 0.000001 -0.000000 0.000000 -0.000001 1.000000 0.000000 0.000000 0.000000 -0.000000 1.000000 0.000000 -1.269024 -0.629500 -0.556047 1.000000
aniFrame
  m_time -0.746000
  m_vertexTransformMat 1.000000 0.000001 -0.000000 0.000000 -0.000001 1.000000 0.000000 0.000000 0.000000 -0.000000 1.000000 0.000000 -1.233339 -0.629500 -0.479498 1.000000
aniFrame
  m_time -0.730000
  m_vertexTransformMat 1.000000 0.000001 -0.000000 0.000000 -0.000001 1.000000 0.000000 0.000000 0.000000 -0.000000 1.000000 0.000000 -1.192919 -0.629500 -0.431086 1.000000
aniFrame
  m_time -0.714000
  m_vertexTransformMat 1.000000 0.000001 -0.000000 0.000000 -0.000001 1.000000 0.000000 0.000000 0.000000 -0.000000 1.000000 0.000000 -1.147963 -0.629500 -0.414347 1.000000
aniFrame
  m_time -0.698000
  m_vertexTransformMat 1.000000 0.000001 -0.000000 0.000000 -0.000001 1.000000 0.000000 0.000000 0.000000 -0.000000 1.000000 0.000000 -1.096830 -0.629500 -0.419203 1.000000
aniFrame
  m_time -0.682000
  m_vertexTransformMat 1.000000 0.000001 -0.000000 0.000000 -0.000001 1.000000 0.000000 0.000000 0.000000 -0.000000 1.000000 0.000000 -1.038366 -0.629500 -0.441360 1.000000
aniFrame
  m_time -0.666000
  m_vertexTransformMat 1.000000 0.000001 -0.000000 0.000000 -0.000001 1.000000 0.000000 0.000000 0.000000 -0.000000 1.000000 0.000000 -0.973333 -0.629500 -0.478920 1.000000
aniFrame
  m_time -0.650000
  m_vertexTransformMat 1.000000 0.000001 -0.000000 0.000000 -0.000001 1.000000 0.000000 0.000000 0.000000 -0.000000 1.000000 0.000000 -0.901900 -0.629500 -0.529610 1.000000
aniFrame
  m_time -0.634000
  m_vertexTransformMat 1.000000 0.000001 -0.000000 0.000000 -0.000001 1.000000 0.000000 0.000000 0.000000 -0.000000 1.000000 0.000000 -0.824236 -0.629500 -0.591166 1.000000
aniFrame
  m_time -0.618000
  m_vertexTransformMat 1.000000 0.000001 -0.000000 0.000000 -0.000001 1.000000 0.000000 0.000000 0.000000 -0.000000 1.000000 0.000000 -0.740571 -0.629500 -0.660501 1.000000
aniFrame
  m_time -0.602000
  m_vertexTransformMat 1.000000 0.000001 -0.000000 0.000000 -0.000001 1.000000 0.000000 0.000000 0.000000 -0.000000 1.000000 0.000000 -0.651015 -0.629500 -0.736139 1.000000
aniFrame
  m_time -0.586000
  m_vertexTransformMat 1.000000 0.000001 -0.000000 0.000000 -0.000001 1.000000 0.000000 0.000000 0.000000 -0.000000 1.000000 0.000000 -0.555853 -0.629500 -0.814272 1.000000
aniFrame
  m_time -0.570000
  m_vertexTransformMat 1.000000 0.000001 -0.000000 0.000000 -0.000001 1.000000 0.000000 0.000000 0.000000 -0.000000 1.000000 0.000000 -0.455146 -0.629500 -0.894064 1.000000
aniFrame
  m_time -0.554000
  m_vertexTransformMat 1.000000 0.000001 -0.000000 0.000000 -0.000001 1.000000 0.000000 0.000000 0.000000 -0.000000 1.000000 0.000000 -0.352523 -0.629500 -0.967331 1.000000
aniFrame
  m_time -0.538000
  m_vertexTransformMat 1.000000 0.000001 -0.000000 0.000000 -0.000001 1.000000 0.000000 0.000000 0.000000 -0.000000 1.000000 0.000000 -0.242597 -0.629500 -1.039984 1.000000
aniFrame
  m_time -0.522000
  m_vertexTransformMat 1.000000 0.000001 -0.000000 0.000000 -0.000001 1.000000 0.000000 0.000000 0.000000 -0.000000 1.000000 0.000000 -0.105251 -0.629500 -1.129744 1.000000
aniFrame
  m_time -0.506000
  m_vertexTransformMat 1.000000 0.000001 -0.000000 0.000000 -0.000001 1.000000 0.000000 0.000000 0.000000 -0.000000 1.000000 0.000000 0.056116 -0.629500 -1.233999 1.000000
aniFrame
  m_time -0.490000
  m_vertexTransformMat 1.000000 0.000001 -0.000000 0.000000 -0.000001 1.000000 0.000000 0.000000 0.000000 -0.000000 1.000000 0.000000 0.243086 -0.629500 -1.357141 1.000000
aniFrame
  m_time -0.474000
  m_vertexTransformMat 1.000000 0.000001 -0.000000 0.000000 -0.000001 1.000000 0.000000 0.000000 0.000000 -0.000000 1.000000 0.000000 0.453849 -0.629500 -1.497202 1.000000
aniFrame
  m_time -0.458000
  m_vertexTransformMat 1.000000 0.000001 -0.000000 0.000000 -0.000001 1.000000 0.000000 0.000000 0.000000 -0.000000 1.000000 0.000000 0.657256 -0.629500 -1.624971 1.000000
aniFrame
  m_time -0.442000
  m_vertexTransformMat 1.000000 0.000001 -0.000000 0.000000 -0.000001 1.000000 0.000000 0.000000 0.000000 -0.000000 1.000000 0.000000 0.855033 -0.629500 -1.742052 1.000000
aniFrame
  m_time -0.426000
  m_vertexTransformMat 1.000000 0.000001 -0.000000 0.000000 -0.000001 1.000000 0.000000 0.000000 0.000000 -0.000000 1.000000 0.000000 1.015783 -0.629500 -1.819527 1.000000
aniFrame
  m_time -0.410000
  m_vertexTransformMat 1.000000 0.000001 -0.000000 0.000000 -0.000001 1.000000 0.000000 0.000000 0.000000 -0.000000 1.000000 0.000000 1.137295 -0.629500 -1.855900 1.000000
aniFrame
  m_time -0.394000
  m_vertexTransformMat 1.000000 0.000001 -0.000000 0.000000 -0.000001 1.000000 0.000000 0.000000 0.000000 -0.000000 1.000000 0.000000 1.225057 -0.629500 -1.850525 1.000000
aniFrame
  m_time -0.378000
  m_vertexTransformMat 1.000000 0.000001 -0.000000 0.000000 -0.000001 1.000000 0.000000 0.000000 0.000000 -0.000000 1.000000 0.000000 1.275459 -0.629500 -1.799244 1.000000
aniFrame
  m_time -0.362000
  m_vertexTransformMat 1.000000 0.000001 -0.000000 0.000000 -0.000001 1.000000 0.000000 0.000000 0.000000 -0.000000 1.000000 0.000000 1.313196 -0.629500 -1.725147 1.000000
aniFrame
  m_time -0.346000
  m_vertexTransformMat 1.000000 0.000001 -0.000000 0.000000 -0.000001 1.000000 0.000000 0.000000 0.000000 -0.000000 1.000000 0.000000 1.344652 -0.629500 -1.632486 1.000000
aniFrame
  m_time -0.330000
  m_vertexTransformMat 1.000000 0.000001 -0.000000 0.000000 -0.000001 1.000000 0.000000 0.000000 0.000000 -0.000000 1.000000 0.000000 1.367034 -0.629500 -1.525761 1.000000
aniFrame
  m_time -0.314000
  m_vertexTransformMat 1.000000 0.000001 -0.000000 0.000000 -0.000001 1.000000 0.000000 0.000000 0.000000 -0.000000 1.000000 0.000000 1.380543 -0.629500 -1.406271 1.000000
aniFrame
  m_time -0.298000
  m_vertexTransformMat 1.000000 0.000001 -0.000000 0.000000 -0.000001 1.000000 0.000000 0.000000 0.000000 -0.000000 1.000000 0.000000 1.386095 -0.629500 -1.279903 1.000000
aniFrame
  m_time -0.282000
  m_vertexTransformMat 1.000000 0.000001 -0.000000 0.000000 -0.000001 1.000000 0.000000 0.000000 0.000000 -0.000000 1.000000 0.000000 1.384046 -0.629500 -1.148952 1.000000
aniFrame
  m_time -0.266000
  m_vertexTransformMat 1.000000 0.000001 -0.000000 0.000000 -0.000001 1.000000 0.000000 0.000000 0.000000 -0.000000 1.000000 0.000000 1.375139 -0.629500 -1.018204 1.000000
aniFrame
  m_time -0.250000
  m_vertexTransformMat 1.000000 0.000001 -0.000000 0.000000 -0.000001 1.000000 0.000000 0.000000 0.000000 -0.000000 1.000000 0.000000 1.359921 -0.629500 -0.891171 1.000000
aniFrame
  m_time -0.234000
  m_vertexTransformMat 1.000000 0.000001 -0.000000 0.000000 -0.000001 1.000000 0.000000 0.000000 0.000000 -0.000000 1.000000 0.000000 1.338935 -0.629500 -0.771362 1.000000
aniFrame
  m_time -0.218000
  m_vertexTransformMat 1.000000 0.000001 -0.000000 0.000000 -0.000001 1.000000 0.000000 0.000000 0.000000 -0.000000 1.000000 0.000000 1.312927 -0.629500 -0.663559 1.000000
aniFrame
  m_time -0.202000
  m_vertexTransformMat 1.000000 0.000001 -0.000000 0.000000 -0.000001 1.000000 0.000000 0.000000 0.000000 -0.000000 1.000000 0.000000 1.282251 -0.629500 -0.570053 1.000000
aniFrame
  m_time -0.186000
  m_vertexTransformMat 1.000000 0.000001 -0.000000 0.000000 -0.000001 1.000000 0.000000 0.000000 0.000000 -0.000000 1.000000 0.000000 1.249100 -0.629500 -0.496820 1.000000
aniFrame
  m_time -0.170000
  m_vertexTransformMat 1.000000 0.000001 -0.000000 0.000000 -0.000001 1.000000 0.000000 0.000000 0.000000 -0.000000 1.000000 0.000000 1.211082 -0.629500 -0.444992 1.000000
aniFrame
  m_time -0.154000
  m_vertexTransformMat 1.000000 0.000001 -0.000000 0.000000 -0.000001 1.000000 0.000000 0.000000 0.000000 -0.000000 1.000000 0.000000 1.163779 -0.629500 -0.423031 1.000000
aniFrame
  m_time -0.138000
  m_vertexTransformMat 1.000000 0.000001 -0.000000 0.000000 -0.000001 1.000000 0.000000 0.000000 0.000000 -0.000000 1.000000 0.000000 1.107173 -0.629500 -0.428118 1.000000
aniFrame
  m_time -0.122000
  m_vertexTransformMat 1.000000 0.000001 -0.000000 0.000000 -0.000001 1.000000 0.000000 0.000000 0.000000 -0.000000 1.000000 0.000000 1.036677 -0.629500 -0.457335 1.000000
aniFrame
  m_time -0.106000
  m_vertexTransformMat 1.000000 0.000001 -0.000000 0.000000 -0.000001 1.000000 0.000000 0.000000 0.000000 -0.000000 1.000000 0.000000 0.953472 -0.629500 -0.509781 1.000000
aniFrame
  m_time -0.090000
  m_vertexTransformMat 1.000000 0.000001 -0.000000 0.000000 -0.000001 1.000000 0.000000 0.000000 0.000000 -0.000000 1.000000 0.000000 0.860602 -0.629500 -0.576441 1.000000
aniFrame
  m_time -0.074000
  m_vertexTransformMat 1.000000 0.000001 -0.000000 0.000000 -0.000001 1.000000 0.000000 0.000000 0.000000 -0.000000 1.000000 0.000000 0.757940 -0.629500 -0.657724 1.000000
aniFrame
  m_time -0.058000
  m_vertexTransformMat 1.000000 0.000001 -0.000000 0.000000 -0.000001 1.000000 0.000000 0.000000 0.000000 -0.000000 1.000000 0.000000 0.648295 -0.629500 -0.744616 1.000000
aniFrame
  m_time -0.042000
  m_vertexTransformMat 1.000000 0.000001 -0.000000 0.000000 -0.000001 1.000000 0.000000 0.000000 0.000000 -0.000000 1.000000 0.000000 0.531501 -0.629500 -0.837648 1.000000
aniFrame
  m_time -0.026000
  m_vertexTransformMat 1.000000 0.000001 -0.000000 0.000000 -0.000001 1.000000 0.000000 0.000000 0.000000 -0.000000 1.000000 0.000000 0.411560 -0.629500 -0.926231 1.000000
aniFrame
  m_time -0.010000
  m_vertexTransformMat 1.000000 0.000001 -0.000000 0.000000 -0.000001 1.000000 0.000000 0.000000 0.000000 -0.000000 1.000000 0.000000 0.290282 -0.629500 -1.008224 1.000000
aniFrame
  m_time 0.005000
  m_vertexTransformMat 1.000000 0.000001 -0.000000 0.000000 -0.000001 1.000000 0.000000 0.000000 0.000000 -0.000000 1.000000 0.000000 0.150624 -0.629500 -1.100561 1.000000
aniFrame
  m_time 0.021000
  m_vertexTransformMat 1.000000 0.000001 -0.000000 0.000000 -0.000001 1.000000 0.000000 0.000000 0.000000 -0.000000 1.000000 0.000000 -0.010058 -0.629500 -1.205225 1.000000
aniFrame
  m_time 0.037000
  m_vertexTransformMat 1.000000 0.000001 -0.000000 0.000000 -0.000001 1.000000 0.000000 0.000000 0.000000 -0.000000 1.000000 0.000000 -0.189561 -0.629500 -1.323530 1.000000
aniFrame
  m_time 0.053000
  m_vertexTransformMat 1.000000 0.000001 -0.000000 0.000000 -0.000001 1.000000 0.000000 0.000000 0.000000 -0.000000 1.000000 0.000000 -0.393520 -0.629500 -1.462152 1.000000
aniFrame
  m_time 0.069000
  m_vertexTransformMat 1.000000 0.000001 -0.000000 0.000000 -0.000001 1.000000 0.000000 0.000000 0.000000 -0.000000 1.000000 0.000000 -0.595956 -0.629500 -1.593950 1.000000
aniFrame
  m_time 0.085000
  m_vertexTransformMat 1.000000 0.000001 -0.000000 0.000000 -0.000001 1.000000 0.000000 0.000000 0.000000 -0.000000 1.000000 0.000000 -0.792757 -0.629500 -1.714720 1.000000
aniFrame
  m_time 0.101000
  m_vertexTransformMat 1.000000 0.000001 -0.000000 0.000000 -0.000001 1.000000 0.000000 0.000000 0.000000 -0.000000 1.000000 0.000000 -0.965117 -0.629500 -1.805239 1.000000
aniFrame
  m_time 0.117000
  m_vertexTransformMat 1.000000 0.000001 -0.000000 0.000000 -0.000001 1.000000 0.000000 0.000000 0.000000 -0.000000 1.000000 0.000000 -1.098688 -0.629500 -1.852917 1.000000
aniFrame
  m_time 0.133000
  m_vertexTransformMat 1.000000 0.000001 -0.000000 0.000000 -0.000001 1.000000 0.000000 0.000000 0.000000 -0.000000 1.000000 0.000000 -1.200000 -0.629500 -1.858002 1.000000
aniFrame
  m_time 0.149000
  m_vertexTransformMat 1.000000 0.000001 -0.000000 0.000000 -0.000001 1.000000 0.000000 0.000000 0.000000 -0.000000 1.000000 0.000000 -1.264584 -0.629500 -1.810610 1.000000
aniFrame
  m_time 0.165000
  m_vertexTransformMat 1.000000 0.000001 -0.000000 0.000000 -0.000001 1.000000 0.000000 0.000000 0.000000 -0.000000 1.000000 0.000000 -1.305585 -0.629500 -1.725941 1.000000
aniFrame
  m_time 0.181000
  m_vertexTransformMat 1.000000 0.000001 -0.000000 0.000000 -0.000001 1.000000 0.000000 0.000000 0.000000 -0.000000 1.000000 0.000000 -1.338378 -0.629500 -1.616833 1.000000
aniFrame
  m_time 0.197000
  m_vertexTransformMat 1.000000 0.000001 -0.000000 0.000000 -0.000001 1.000000 0.000000 0.000000 0.000000 -0.000000 1.000000 0.000000 -1.359012 -0.629500 -1.485493 1.000000
aniFrame
  m_time 0.213000
  m_vertexTransformMat 1.000000 0.000001 -0.000000 0.000000 -0.000001 1.000000 0.000000 0.000000 0.000000 -0.000000 1.000000 0.000000 -1.369035 -0.629500 -1.341675 1.000000
aniFrame
  m_time 0.229000
  m_vertexTransformMat 1.000000 0.000001 -0.000000 0.000000 -0.000001 1.000000 0.000000 0.000000 0.000000 -0.000000 1.000000 0.000000 -1.368803 -0.629500 -1.187529 1.000000
aniFrame
  m_time 0.245000
  m_vertexTransformMat 1.000000 0.000001 -0.000000 0.000000 -0.000001 1.000000 0.000000 0.000000 0.000000 -0.000000 1.000000 0.000000 -1.360163 -0.629500 -1.034304 1.000000
aniFrame
  m_time 0.261000
  m_vertexTransformMat 1.000000 0.000001 -0.000000 0.000000 -0.000001 1.000000 0.000000 0.000000 0.000000 -0.000000 1.000000 0.000000 -1.343257 -0.629500 -0.882858 1.000000
aniFrame
  m_time 0.277000
  m_vertexTransformMat 1.000000 0.000001 -0.000000 0.000000 -0.000001 1.000000 0.000000 0.000000 0.000000 -0.000000 1.000000 0.000000 -1.320116 -0.629500 -0.745548 1.000000
aniFrame
  m_time 0.293000
  m_vertexTransformMat 1.000000 0.000001 -0.000000 0.000000 -0.000001 1.000000 0.000000 0.000000 0.000000 -0.000000 1.000000 0.000000 -1.290729 -0.629500 -0.622311 1.000000
aniFrame
  m_time 0.309000
  m_vertexTransformMat 1.000000 0.000001 -0.000000 0.000000 -0.000001 1.000000 0.000000 0.000000 0.000000 -0.000000 1.000000 0.000000 -1.257598 -0.629500 -0.527601 1.000000
aniFrame
  m_time 0.325000
  m_vertexTransformMat 1.000000 0.000001 -0.000000 0.000000 -0.000001 1.000000 0.000000 0.000000 0.000000 -0.000000 1.000000 0.000000 -1.220433 -0.629500 -0.460062 1.000000
aniFrame
  m_time 0.341000
  m_vertexTransformMat 1.000000 0.000001 -0.000000 0.000000 -0.000001 1.000000 0.000000 0.000000 0.000000 -0.000000 1.000000 0.000000 -1.178454 -0.629500 -0.422207 1.000000
aniFrame
  m_time 0.357000
  m_vertexTransformMat 1.000000 0.000001 -0.000000 0.000000 -0.000001 1.000000 0.000000 0.000000 0.000000 -0.000000 1.000000 0.000000 -1.131738 -0.629500 -0.414276 1.000000
aniFrame
  m_time 0.373000
  m_vertexTransformMat 1.000000 0.000001 -0.000000 0.000000 -0.000001 1.000000 0.000000 0.000000 0.000000 -0.000000 1.000000 0.000000 -1.078106 -0.629500 -0.424419 1.000000
aniFrame
  m_time 0.389000
  m_vertexTransformMat 1.000000 0.000001 -0.000000 0.000000 -0.000001 1.000000 0.000000 0.000000 0.000000 -0.000000 1.000000 0.000000 -1.017391 -0.629500 -0.452536 1.000000
aniFrame
  m_time 0.405000
  m_vertexTransformMat 1.000000 0.000001 -0.000000 0.000000 -0.000001 1.000000 0.000000 0.000000 0.000000 -0.000000 1.000000 0.000000 -0.950249 -0.629500 -0.494150 1.000000
aniFrame
  m_time 0.421000
  m_vertexTransformMat 1.000000 0.000001 -0.000000 0.000000 -0.000001 1.000000 0.000000 0.000000 0.000000 -0.000000 1.000000 0.000000 -0.876677 -0.629500 -0.549286 1.000000
aniFrame
  m_time 0.437000
  m_vertexTransformMat 1.000000 0.000001 -0.000000 0.000000 -0.000001 1.000000 0.000000 0.000000 0.000000 -0.000000 1.000000 0.000000 -0.797034 -0.629500 -0.613140 1.000000
aniFrame
  m_time 0.453000
  m_vertexTransformMat 1.000000 0.000001 -0.000000 0.000000 -0.000001 1.000000 0.000000 0.000000 0.000000 -0.000000 1.000000 0.000000 -0.711346 -0.629500 -0.685377 1.000000
aniFrame
  m_time 0.469000
  m_vertexTransformMat 1.000000 0.000001 -0.000000 0.000000 -0.000001 1.000000 0.000000 0.000000 0.000000 -0.000000 1.000000 0.000000 -0.619938 -0.629500 -0.761620 1.000000
aniFrame
  m_time 0.485000
  m_vertexTransformMat 1.000000 0.000001 -0.000000 0.000000 -0.000001 1.000000 0.000000 0.000000 0.000000 -0.000000 1.000000 0.000000 -0.522874 -0.629500 -0.841036 1.000000
aniFrame
  m_time 0.501000
  m_vertexTransformMat 1.000000 0.000001 -0.000000 0.000000 -0.000001 1.000000 0.000000 0.000000 0.000000 -0.000000 1.000000 0.000000 -0.420497 -0.629500 -0.919744 1.000000
aniFrame
  m_time 0.517000
  m_vertexTransformMat 1.000000 0.000001 -0.000000 0.000000 -0.000001 1.000000 0.000000 0.000000 0.000000 -0.000000 1.000000 0.000000 -0.317901 -0.629500 -0.990524 1.000000
aniFrame
  m_time 0.533000
  m_vertexTransformMat 1.000000 0.000001 -0.000000 0.000000 -0.000001 1.000000 0.000000 0.000000 0.000000 -0.000000 1.000000 0.000000 -0.200000 -0.629500 -1.067963 1.000000
aniFrame
  m_time 0.549000
  m_vertexTransformMat 1.000000 0.000001 -0.000000 0.000000 -0.000001 1.000000 0.000000 0.000000 0.000000 -0.000000 1.000000 0.000000 -0.053977 -0.629500 -1.162865 1.000000
aniFrame
  m_time 0.565000
  m_vertexTransformMat 1.000000 0.000001 -0.000000 0.000000 -0.000001 1.000000 0.000000 0.000000 0.000000 -0.000000 1.000000 0.000000 0.114833 -0.629500 -1.272184 1.000000
aniFrame
  m_time 0.581000
  m_vertexTransformMat 1.000000 0.000001 -0.000000 0.000000 -0.000001 1.000000 0.000000 0.000000 0.000000 -0.000000 1.000000 0.000000 0.312400 -0.629500 -1.403557 1.000000
aniFrame
  m_time 0.597000
  m_vertexTransformMat 1.000000 0.000001 -0.000000 0.000000 -0.000001 1.000000 0.000000 0.000000 0.000000 -0.000000 1.000000 0.000000 0.522916 -0.629500 -1.541574 1.000000
aniFrame
  m_time 0.613000
  m_vertexTransformMat 1.000000 0.000001 -0.000000 0.000000 -0.000001 1.000000 0.000000 0.000000 0.000000 -0.000000 1.000000 0.000000 0.725053 -0.629500 -1.666346 1.000000
aniFrame
  m_time 0.629000
  m_vertexTransformMat 1.000000 0.000001 -0.000000 0.000000 -0.000001 1.000000 0.000000 0.000000 0.000000 -0.000000 1.000000 0.000000 0.914149 -0.629500 -1.773523 1.000000
aniFrame
  m_time 0.645000
  m_vertexTransformMat 1.000000 0.000001 -0.000000 0.000000 -0.000001 1.000000 0.000000 0.000000 0.000000 -0.000000 1.000000 0.000000 1.060133 -0.629500 -1.835974 1.000000
aniFrame
  m_time 0.661000
  m_vertexTransformMat 1.000000 0.000001 -0.000000 0.000000 -0.000001 1.000000 0.000000 0.000000 0.000000 -0.000000 1.000000 0.000000 1.170385 -0.629500 -1.859106 1.000000
aniFrame
  m_time 0.677000
  m_vertexTransformMat 1.000000 0.000001 -0.000000 0.000000 -0.000001 1.000000 0.000000 0.000000 0.000000 -0.000000 1.000000 0.000000 1.245182 -0.629500 -1.837694 1.000000
aniFrame
  m_time 0.693000
  m_vertexTransformMat 1.000000 0.000001 -0.000000 0.000000 -0.000001 1.000000 0.000000 0.000000 0.000000 -0.000000 1.000000 0.000000 1.288021 -0.629500 -1.775820 1.000000
aniFrame
  m_time 0.709000
  m_vertexTransformMat 1.000000 0.000001 -0.000000 0.000000 -0.000001 1.000000 0.000000 0.000000 0.000000 -0.000000 1.000000 0.000000 1.324796 -0.629500 -1.696505 1.000000
aniFrame
  m_time 0.725000
  m_vertexTransformMat 1.000000 0.000001 -0.000000 0.000000 -0.000001 1.000000 0.000000 0.000000 0.000000 -0.000000 1.000000 0.000000 1.353040 -0.629500 -1.597954 1.000000
aniFrame
  m_time 0.741000
  m_vertexTransformMat 1.000000 0.000001 -0.000000 0.000000 -0.000001 1.000000 0.000000 0.000000 0.000000 -0.000000 1.000000 0.000000 1.372530 -0.629500 -1.487398 1.000000
aniFrame
  m_time 0.757000
  m_vertexTransformMat 1.000000 0.000001 -0.000000 0.000000 -0.000001 1.000000 0.000000 0.000000 0.000000 -0.000000 1.000000 0.000000 1.383191 -0.629500 -1.364355 1.000000
aniFrame
  m_time 0.773000
  m_vertexTransformMat 1.000000 0.000001 -0.000000 0.000000 -0.000001 1.000000 0.000000 0.000000 0.000000 -0.000000 1.000000 0.000000 1.386284 -0.629500 -1.236938 1.000000
aniFrame
  m_time 0.789000
  m_vertexTransformMat 1.000000 0.000001 -0.000000 0.000000 -0.000001 1.000000 0.000000 0.000000 0.000000 -0.000000 1.000000 0.000000 1.381751 -0.629500 -1.104782 1.000000
aniFrame
  m_time 0.805000
  m_vertexTransformMat 1.000000 0.000001 -0.000000 0.000000 -0.000001 1.000000 0.000000 0.000000 0.000000 -0.000000 1.000000 0.000000 1.370818 -0.629500 -0.975769 1.000000
aniFrame
  m_time 0.821000
  m_vertexTransformMat 1.000000 0.000001 -0.000000 0.000000 -0.000001 1.000000 0.000000 0.000000 0.000000 -0.000000 1.000000 0.000000 1.353478 -0.629500 -0.849867 1.000000
aniFrame
  m_time 0.837000
  m_vertexTransformMat 1.000000 0.000001 -0.000000 0.000000 -0.000001 1.000000 0.000000 0.000000 0.000000 -0.000000 1.000000 0.000000 1.330890 -0.629500 -0.734518 1.000000
aniFrame
  m_time 0.853000
  m_vertexTransformMat 1.000000 0.000001 -0.000000 0.000000 -0.000001 1.000000 0.000000 0.000000 0.000000 -0.000000 1.000000 0.000000 1.303133 -0.629500 -0.630239 1.000000
aniFrame
  m_time 0.869000
  m_vertexTransformMat 1.000000 0.000001 -0.000000 0.000000 -0.000001 1.000000 0.000000 0.000000 0.000000 -0.000000 1.000000 0.000000 1.271339 -0.629500 -0.543818 1.000000
aniFrame
  m_time 0.885000
  m_vertexTransformMat 1.000000 0.000001 -0.000000 0.000000 -0.000001 1.000000 0.000000 0.000000 0.000000 -0.000000 1.000000 0.000000 1.237310 -0.629500 -0.476650 1.000000
aniFrame
  m_time 0.901000
  m_vertexTransformMat 1.000000 0.000001 -0.000000 0.000000 -0.000001 1.000000 0.000000 0.000000 0.000000 -0.000000 1.000000 0.000000 1.196153 -0.629500 -0.434298 1.000000
aniFrame
  m_time 0.917000
  m_vertexTransformMat 1.000000 0.000001 -0.000000 0.000000 -0.000001 1.000000 0.000000 0.000000 0.000000 -0.000000 1.000000 0.000000 1.146189 -0.629500 -0.421991 1.000000
aniFrame
  m_time 0.933000
  m_vertexTransformMat 1.000000 0.000001 -0.000000 0.000000 -0.000001 1.000000 0.000000 0.000000 0.000000 -0.000000 1.000000 0.000000 1.085334 -0.629500 -0.434900 1.000000
aniFrame
  m_time 0.949000
  m_vertexTransformMat 1.000000 0.000001 -0.000000 0.000000 -0.000001 1.000000 0.000000 0.000000 0.000000 -0.000000 1.000000 0.000000 1.010157 -0.629500 -0.472784 1.000000
aniFrame
  m_time 0.965000
  m_vertexTransformMat 1.000000 0.000001 -0.000000 0.000000 -0.000001 1.000000 0.000000 0.000000 0.000000 -0.000000 1.000000 0.000000 0.923603 -0.629500 -0.530382 1.000000
aniFrame
  m_time 0.981000
  m_vertexTransformMat 1.000000 0.000001 -0.000000 0.000000 -0.000001 1.000000 0.000000 0.000000 0.000000 -0.000000 1.000000 0.000000 0.827326 -0.629500 -0.602371 1.000000
aniFrame
  m_time 0.997000
  m_vertexTransformMat 1.000000 0.000001 -0.000000 0.000000 -0.000001 1.000000 0.000000 0.000000 0.000000 -0.000000 1.000000 0.000000 0.722124 -0.629500 -0.686205 1.000000
aniFrame
  m_time 1.013000
  m_vertexTransformMat 1.000000 0.000001 -0.000000 0.000000 -0.000001 1.000000 0.000000 0.000000 0.000000 -0.000000 1.000000 0.000000 0.610037 -0.629500 -0.775330 1.000000
aniFrame
  m_time 1.029000
  m_vertexTransformMat 1.000000 0.000001 -0.000000 0.000000 -0.000001 1.000000 0.000000 0.000000 0.000000 -0.000000 1.000000 0.000000 0.491515 -0.629500 -0.868309 1.000000
aniFrame
  m_time 1.045000
  m_vertexTransformMat 1.000000 0.000001 -0.000000 0.000000 -0.000001 1.000000 0.000000 0.000000 0.000000 -0.000000 1.000000 0.000000 0.371996 -0.629500 -0.953527 1.000000
aniFrame
  m_time 1.061000
  m_vertexTransformMat 1.000000 0.000001 -0.000000 0.000000 -0.000001 1.000000 0.000000 0.000000 0.000000 -0.000000 1.000000 0.000000 0.246596 -0.629500 -1.037094 1.000000
aniFrame
  m_time 1.077000
  m_vertexTransformMat 1.000000 0.000001 -0.000000 0.000000 -0.000001 1.000000 0.000000 0.000000 0.000000 -0.000000 1.000000 0.000000 0.099133 -0.629500 -1.134216 1.000000
aniFrame
  m_time 1.093000
  m_vertexTransformMat 1.000000 0.000001 -0.000000 0.000000 -0.000001 1.000000 0.000000 0.000000 0.000000 -0.000000 1.000000 0.000000 -0.067688 -0.629500 -1.242832 1.000000
aniFrame
  m_time 1.109000
  m_vertexTransformMat 1.000000 0.000001 -0.000000 0.000000 -0.000001 1.000000 0.000000 0.000000 0.000000 -0.000000 1.000000 0.000000 -0.255542 -0.629500 -1.368269 1.000000
aniFrame
  m_time 1.125000
  m_vertexTransformMat 1.000000 0.000001 -0.000000 0.000000 -0.000001 1.000000 0.000000 0.000000 0.000000 -0.000000 1.000000 0.000000 -0.462813 -0.629500 -1.508528 1.000000
aniFrame
  m_time 1.141000
  m_vertexTransformMat 1.000000 0.000001 -0.000000 0.000000 -0.000001 1.000000 0.000000 0.000000 0.000000 -0.000000 1.000000 0.000000 -0.662029 -0.629500 -1.635277 1.000000
aniFrame
  m_time 1.157000
  m_vertexTransformMat 1.000000 0.000001 -0.000000 0.000000 -0.000001 1.000000 0.000000 0.000000 0.000000 -0.000000 1.000000 0.000000 -0.854708 -0.629500 -1.750072 1.000000
aniFrame
  m_time 1.173000
  m_vertexTransformMat 1.000000 0.000001 -0.000000 0.000000 -0.000001 1.000000 0.000000 0.000000 0.000000 -0.000000 1.000000 0.000000 -1.013286 -0.629500 -1.825241 1.000000
aniFrame
  m_time 1.189000
  m_vertexTransformMat 1.000000 0.000001 -0.000000 0.000000 -0.000001 1.000000 0.000000 0.000000 0.000000 -0.000000 1.000000 0.000000 -1.135994 -0.629500 -1.859844 1.000000
aniFrame
  m_time 1.205000
  m_vertexTransformMat 1.000000 0.000001 -0.000000 0.000000 -0.000001 1.000000 0.000000 0.000000 0.000000 -0.000000 1.000000 0.000000 -1.225840 -0.629500 -1.848043 1.000000
aniFrame
  m_time 1.221000
  m_vertexTransformMat 1.000000 0.000001 -0.000000 0.000000 -0.000001 1.000000 0.000000 0.000000 0.000000 -0.000000 1.000000 0.000000 -1.279519 -0.629500 -1.785172 1.000000
aniFrame
  m_time 1.237000
  m_vertexTransformMat 1.000000 0.000001 -0.000000 0.000000 -0.000001 1.000000 0.000000 0.000000 0.000000 -0.000000 1.000000 0.000000 -1.318021 -0.629500 -1.693159 1.000000
aniFrame
  m_time 1.253000
  m_vertexTransformMat 1.000000 0.000001 -0.000000 0.000000 -0.000001 1.000000 0.000000 0.000000 0.000000 -0.000000 1.000000 0.000000 -1.346460 -0.629500 -1.574594 1.000000
aniFrame
  m_time 1.269000
  m_vertexTransformMat 1.000000 0.000001 -0.000000 0.000000 -0.000001 1.000000 0.000000 0.000000 0.000000 -0.000000 1.000000 0.000000 -1.363652 -0.629500 -1.439672 1.000000
aniFrame
  m_time 1.285000
  m_vertexTransformMat 1.000000 0.000001 -0.000000 0.000000 -0.000001 1.000000 0.000000 0.000000 0.000000 -0.000000 1.000000 0.000000 -1.369949 -0.629500 -1.290541 1.000000
aniFrame
  m_time 1.301000
  m_vertexTransformMat 1.000000 0.000001 -0.000000 0.000000 -0.000001 1.000000 0.000000 0.000000 0.000000 -0.000000 1.000000 0.000000 -1.366959 -0.629500 -1.136974 1.000000
aniFrame
  m_time 1.317000
  m_vertexTransformMat 1.000000 0.000001 -0.000000 0.000000 -0.000001 1.000000 0.000000 0.000000 0.000000 -0.000000 1.000000 0.000000 -1.355306 -0.629500 -0.982775 1.000000
aniFrame
  m_time 1.333000
  m_vertexTransformMat 1.000000 0.000001 -0.000000 0.000000 -0.000001 1.000000 0.000000 0.000000 0.000000 -0.000000 1.000000 0.000000 -1.336296 -0.629500 -0.835884 1.000000
aniFrame
  m_time 1.349000
  m_vertexTransformMat 1.000000 0.000001 -0.000000 0.000000 -0.000001 1.000000 0.000000 0.000000 0.000000 -0.000000 1.000000 0.000000 -1.310886 -0.629500 -0.702127 1.000000
aniFrame
  m_time 1.365000
  m_vertexTransformMat 1.000000 0.000001 -0.000000 0.000000 -0.000001 1.000000 0.000000 0.000000 0.000000 -0.000000 1.000000 0.000000 -1.280033 -0.629500 -0.587326 1.000000
aniFrame
  m_time 1.381000
  m_vertexTransformMat 1.000000 0.000001 -0.000000 0.000000 -0.000001 1.000000 0.000000 0.000000 0.000000 -0.000000 1.000000 0.000000 -1.245715 -0.629500 -0.502048 1.000000
aniFrame
  m_time 1.397000
  m_vertexTransformMat 1.000000 0.000001 -0.000000 0.000000 -0.000001 1.000000 0.000000 0.000000 0.000000 -0.000000 1.000000 0.000000 -1.206960 -0.629500 -0.443855 1.000000
aniFrame
  m_time 1.413000
  m_vertexTransformMat 1.000000 0.000001 -0.000000 0.000000 -0.000001 1.000000 0.000000 0.000000 0.000000 -0.000000 1.000000 0.000000 -1.163502 -0.629500 -0.416809 1.000000
aniFrame
  m_time 1.429000
  m_vertexTransformMat 1.000000 0.000001 -0.000000 0.000000 -0.000001 1.000000 0.000000 0.000000 0.000000 -0.000000 1.000000 0.000000 -1.114725 -0.629500 -0.416058 1.000000
aniFrame
  m_time 1.445000
  m_vertexTransformMat 1.000000 0.000001 -0.000000 0.000000 -0.000001 1.000000 0.000000 0.000000 0.000000 -0.000000 1.000000 0.000000 -1.058612 -0.629500 -0.431898 1.000000
aniFrame
  m_time 1.461000
  m_vertexTransformMat 1.000000 0.000001 -0.000000 0.000000 -0.000001 1.000000 0.000000 0.000000 0.000000 -0.000000 1.000000 0.000000 -0.995707 -0.629500 -0.465147 1.000000
aniFrame
  m_time 1.477000
  m_vertexTransformMat 1.000000 0.000001 -0.000000 0.000000 -0.000001 1.000000 0.000000 0.000000 0.000000 -0.000000 1.000000 0.000000 -0.926431 -0.629500 -0.511141 1.000000
aniFrame
  m_time 1.493000
  m_vertexTransformMat 1.000000 0.000001 -0.000000 0.000000 -0.000001 1.000000 0.000000 0.000000 0.000000 -0.000000 1.000000 0.000000 -0.850782 -0.629500 -0.569899 1.000000
aniFrame
  m_time 1.509000
  m_vertexTransformMat 1.000000 0.000001 -0.000000 0.000000 -0.000001 1.000000 0.000000 0.000000 0.000000 -0.000000 1.000000 0.000000 -0.769140 -0.629500 -0.636332 1.000000
aniFrame
  m_time 1.525000
  m_vertexTransformMat 1.000000 0.000001 -0.000000 0.000000 -0.000001 1.000000 0.000000 0.000000 0.000000 -0.000000 1.000000 0.000000 -0.681487 -0.629500 -0.710680 1.000000
aniFrame
  m_time 1.541000
  m_vertexTransformMat 1.000000 0.000001 -0.000000 0.000000 -0.000001 1.000000 0.000000 0.000000 0.000000 -0.000000 1.000000 0.000000 -0.588215 -0.629500 -0.787708 1.000000
aniFrame
  m_time 1.557000
  m_vertexTransformMat 1.000000 0.000001 -0.000000 0.000000 -0.000001 1.000000 0.000000 0.000000 0.000000 -0.000000 1.000000 0.000000 -0.489299 -0.629500 -0.867723 1.000000
aniFrame
  m_time 1.573000
  m_vertexTransformMat 1.000000 0.000001 -0.000000 0.000000 -0.000001 1.000000 0.000000 0.000000 0.000000 -0.000000 1.000000 0.000000 -0.386403 -0.629500 -0.944023 1.000000
aniFrame
  m_time 1.589000
  m_vertexTransformMat 1.000000 0.000001 -0.000000 0.000000 -0.000001 1.000000 0.000000 0.000000 0.000000 -0.000000 1.000000 0.000000 -0.281578 -0.629500 -1.014458 1.000000
aniFrame
  m_time 1.605000
  m_vertexTransformMat 1.000000 0.000001 -0.000000 0.000000 -0.000001 1.000000 0.000000 0.000000 0.000000 -0.000000 1.000000 0.000000 -0.153942 -0.629500 -1.098137 1.000000
aniFrame
  m_time 1.621000
  m_vertexTransformMat 1.000000 0.000001 -0.000000 0.000000 -0.000001 1.000000 0.000000 0.000000 0.000000 -0.000000 1.000000 0.000000 -0.000171 -0.629500 -1.197590 1.000000
aniFrame
  m_time 1.637000
  m_vertexTransformMat 1.000000 0.000001 -0.000000 0.000000 -0.000001 1.000000 0.000000 0.000000 0.000000 -0.000000 1.000000 0.000000 0.176755 -0.629500 -1.312906 1.000000
aniFrame
  m_time 1.653000
  m_vertexTransformMat 1.000000 0.000001 -0.000000 0.000000 -0.000001 1.000000 0.000000 0.000000 0.000000 -0.000000 1.000000 0.000000 0.383166 -0.629500 -1.450722 1.000000
aniFrame
  m_time 1.669000
  m_vertexTransformMat 1.000000 0.000001 -0.000000 0.000000 -0.000001 1.000000 0.000000 0.000000 0.000000 -0.000000 1.000000 0.000000 0.589632 -0.629500 -1.583151 1.000000
aniFrame
  m_time 1.685000
  m_vertexTransformMat 1.000000 0.000001 -0.000000 0.000000 -0.000001 1.000000 0.000000 0.000000 0.000000 -0.000000 1.000000 0.000000 0.791490 -0.629500 -1.705849 1.000000
aniFrame
  m_time 1.701000
  m_vertexTransformMat 1.000000 0.000001 -0.000000 0.000000 -0.000001 1.000000 0.000000 0.000000 0.000000 -0.000000 1.000000 0.000000 0.967401 -0.629500 -1.798941 1.000000
aniFrame
  m_time 1.717000
  m_vertexTransformMat 1.000000 0.000001 -0.000000 0.000000 -0.000001 1.000000 0.000000 0.000000 0.000000 -0.000000 1.000000 0.000000 1.100590 -0.629500 -1.848145 1.000000
aniFrame
  m_time 1.733000
  m_vertexTransformMat 1.000000 0.000001 -0.000000 0.000000 -0.000001 1.000000 0.000000 0.000000 0.000000 -0.000000 1.000000 0.000000 1.200000 -0.629500 -1.857626 1.000000
aniFrame
  m_time 1.749000
  m_vertexTransformMat 1.000000 0.000001 -0.000000 0.000000 -0.000001 1.000000 0.000000 0.000000 0.000000 -0.000000 1.000000 0.000000 1.261580 -0.629500 -1.820234 1.000000
aniFrame
  m_time 1.765000
  m_vertexTransformMat 1.000000 0.000001 -0.000000 0.000000 -0.000001 1.000000 0.000000 0.000000 0.000000 -0.000000 1.000000 0.000000 1.300473 -0.629500 -1.751068 1.000000
aniFrame
  m_time 1.781000
  m_vertexTransformMat 1.000000 0.000001 -0.000000 0.000000 -0.000001 1.000000 0.000000 0.000000 0.000000 -0.000000 1.000000 0.000000 1.335259 -0.629500 -1.665474 1.000000
aniFrame
  m_time 1.797000
  m_vertexTransformMat 1.000000 0.000001 -0.000000 0.000000 -0.000001 1.000000 0.000000 0.000000 0.000000 -0.000000 1.000000 0.000000 1.360490 -0.629500 -1.562307 1.000000
aniFrame
  m_time 1.813000
  m_vertexTransformMat 1.000000 0.000001 -0.000000 0.000000 -0.000001 1.000000 0.000000 0.000000 0.000000 -0.000000 1.000000 0.000000 1.377011 -0.629500 -1.447420 1.000000
aniFrame
  m_time 1.829000
  m_vertexTransformMat 1.000000 0.000001 -0.000000 0.000000 -0.000001 1.000000 0.000000 0.000000 0.000000 -0.000000 1.000000 0.000000 1.385023 -0.629500 -1.322107 1.000000
aniFrame
  m_time 1.845000
  m_vertexTransformMat 1.000000 0.000001 -0.000000 0.000000 -0.000001 1.000000 0.000000 0.000000 0.000000 -0.000000 1.000000 0.000000 1.385579 -0.629500 -1.193148 1.000000
aniFrame
  m_time 1.861000
  m_vertexTransformMat 1.000000 0.000001 -0.000000 0.000000 -0.000001 1.000000 0.000000 0.000000 0.000000 -0.000000 1.000000 0.000000 1.378760 -0.629500 -1.061058 1.000000
aniFrame
  m_time 1.877000
  m_vertexTransformMat 1.000000 0.000001 -0.000000 0.000000 -0.000001 1.000000 0.000000 0.000000 0.000000 -0.000000 1.000000 0.000000 1.365723 -0.629500 -0.933283 1.000000
aniFrame
  m_time 1.893000
  m_vertexTransformMat 1.000000 0.000001 -0.000000 0.000000 -0.000001 1.000000 0.000000 0.000000 0.000000 -0.000000 1.000000 0.000000 1.346462 -0.629500 -0.809790 1.000000
aniFrame
  m_time 1.909000
  m_vertexTransformMat 1.000000 0.000001 -0.000000 0.000000 -0.000001 1.000000 0.000000 0.000000 0.000000 -0.000000 1.000000 0.000000 1.322201 -0.629500 -0.698460 1.000000
aniFrame
  m_time 1.925000
  m_vertexTransformMat 1.000000 0.000001 -0.000000 0.000000 -0.000001 1.000000 0.000000 0.000000 0.000000 -0.000000 1.000000 0.000000 1.292885 -0.629500 -0.598930 1.000000
aniFrame
  m_time 1.941000
  m_vertexTransformMat 1.000000 0.000001 -0.000000 0.000000 -0.000001 1.000000 0.000000 0.000000 0.000000 -0.000000 1.000000 0.000000 1.260590 -0.629500 -0.519234 1.000000
aniFrame
  m_time 1.957000
  m_vertexTransformMat 1.000000 0.000001 -0.000000 0.000000 -0.000001 1.000000 0.000000 0.000000 0.000000 -0.000000 1.000000 0.000000 1.225498 -0.629500 -0.458872 1.000000
aniFrame
  m_time 1.973000
  m_vertexTransformMat 1.000000 0.000001 -0.000000 0.000000 -0.000001 1.000000 0.000000 0.000000 0.000000 -0.000000 1.000000 0.000000 1.179084 -0.629500 -0.427677 1.000000
aniFrame
  m_time 1.989000
  m_vertexTransformMat 1.000000 0.000001 -0.000000 0.000000 -0.000001 1.000000 0.000000 0.000000 0.000000 -0.000000 1.000000 0.000000 1.121296 -0.629500 -0.426645 1.000000
aniFrame
  m_time 2.005000
  m_vertexTransformMat 1.000000 0.000001 -0.000000 0.000000 -0.000001 1.000000 0.000000 0.000000 0.000000 -0.000000 1.000000 0.000000 1.048249 -0.629500 -0.450977 1.000000
aniFrame
  m_time 2.021000
  m_vertexTransformMat 1.000000 0.000001 -0.000000 0.000000 -0.000001 1.000000 0.000000 0.000000 0.000000 -0.000000 1.000000 0.000000 0.958103 -0.629500 -0.501949 1.000000
aniFrame
  m_time 2.037000
  m_vertexTransformMat 1.000000 0.000001 -0.000000 0.000000 -0.000001 1.000000 0.000000 0.000000 0.000000 -0.000000 1.000000 0.000000 0.858435 -0.629500 -0.568598 1.000000
aniFrame
  m_time 2.053000
  m_vertexTransformMat 1.000000 0.000001 -0.000000 0.000000 -0.000001 1.000000 0.000000 0.000000 0.000000 -0.000000 1.000000 0.000000 0.749664 -0.629500 -0.650230 1.000000
aniFrame
  m_time 2.069000
  m_vertexTransformMat 1.000000 0.000001 -0.000000 0.000000 -0.000001 1.000000 0.000000 0.000000 0.000000 -0.000000 1.000000 0.000000 0.637274 -0.629500 -0.737823 1.000000
aniFrame
  m_time 2.085000
  m_vertexTransformMat 1.000000 0.000001 -0.000000 0.000000 -0.000001 1.000000 0.000000 0.000000 0.000000 -0.000000 1.000000 0.000000 0.522312 -0.629500 -0.829651 1.000000
aniFrame
  m_time 2.101000
  m_vertexTransformMat 1.000000 0.000001 -0.000000 0.000000 -0.000001 1.000000 0.000000 0.000000 0.000000 -0.000000 1.000000 0.000000 0.409577 -0.629500 -0.917810 1.000000
aniFrame
  m_time 2.117000
  m_vertexTransformMat 1.000000 0.000001 -0.000000 0.000000 -0.000001 1.000000 0.000000 0.000000 0.000000 -0.000000 1.000000 0.000000 0.303843 -0.629500 -0.994446 1.000000
aniFrame
  m_time 2.133000
  m_vertexTransformMat 1.000000 0.000001 -0.000000 0.000000 -0.000001 1.000000 0.000000 0.000000 0.000000 -0.000000 1.000000 0.000000 0.200000 -0.629500 -1.067963 1.000000
aniFrame
  m_time 2.133000
  m_vertexTransformMat 1.000000 0.000001 -0.000000 0.000000 -0.000001 1.000000 0.000000 0.000000 0.000000 -0.000000 1.000000 0.000000 0.200000 -0.629500 -1.067963 1.000000
